1503499508
1503499512
1503499513
1503499502
1503499510
1503499514
1503499637
1503499641
1503499647
1503499681
1503499721
1503499761
1503499802
1503499808
1503499819
1503499841
1503499838
1503500041
1503500081
1503500121
1503500161
1503500162
1503500282
1503500321
1503500361
1503500401
1503500441
1503500481
1503500481
1503500532
1503500541
1503500561
1503500602
1503500641
1503500682
1503500722
1503500761
1503500801
1503500801
1503500962
1503501001
1503501041
1503501081
1503501122
1503501121
1503501142
1503501151
1503501161
1503501171
1503501181
1503501201
1503501241
1503501281
1503501321
1503501361
1503501402
1503501441
1503501441
1503501641
1503501681
1503501721
1503501762
1503501762
1503501841
1503501882
1503501922
1503501961
1503502001
1503502041
1503502082
1503502082
1503502142
1503502161
1503502201
1503502241
1503502282
1503502322
1503502362
1503502401
1503502401
1503502411
1503502421
1503502432
1503502442
1503502452
1503502461
1503502482
1503502522
1503502562
1503502602
1503502642
1503502681
1503502721
1503502722
1503502962
1503503001
1503503042
1503503042
1503503101
1503503121
1503503161
1503503201
1503503242
1503503281
1503503321
1503503361
1503503410
1503503361
1503503410
1503503408
1503503411
1503503408
1503503410
1503503510
1503503520
1503503530
1503503570
1503503611
1503503650
1503503691
1503503730
1503503710
1503503770
1503503781
1503503790
1503503801
1503503810
1503503821
1503503830
1503503850
1503503890
1503503930
1503503971
1503504010
1503504022
1503504051
1503504052
1503504062
1503504072
1503504082
1503504091
1503504090
1503504322
1503504124
1503504342
1503504352
1503504362
1503504371
1503504372
1503504382
1503504410
1503504410
1503504570
1503504611
1503504650
1503504690
1503504622
1503504731
1503504730
1503504931
1503504971
1503505010
1503505051
1503504922
1503505050
1503505170
1503505210
1503505251
1503505290
1503505331
1503505370
1503505371
1503505222
1503505490
1503505530
1503505570
1503505611
1503505650
1503505691
1503505521
1503505691
1503505811
1503505851
1503505891
1503505931
1503505971
1503506010
1503505822
1503506121
1503506011
1503506291
1503506331
1503506331
1503506422
1503506531
1503506570
1503506610
1503506650
1503506650
1503506970
1503507022
1503506722
1503507062
1503507072
1503507082
1503507090
1503507130
1503507171
1503507211
1503507250
1503507291
1503507291
1503507322
1503507452
1503507491
1503507531
1503507571
1503507611
1503507612
1503507621
1503507922
1503508172
1503508211
1503508251
1503508222
1503508521
1503508811
1503508851
1503508822
1503508892
1503509122
1503509211
1503509422
1503509532
1503509722
1503509852
1503510172
1503510322
1503510022
1503510352
1503510362
1503510371
1503510372
1503510382
1503510412
1503510451
1503510492
1503510492
1503510811
1503510621
1503510842
1503510851
1503510862
1503510872
1503510892
1503510931
1503510971
1503511012
1503511051
1503510922
1503511092
1503511127
1503511222
1503511129
1503511372
1503511412
1503511452
1503511492
1503511492
1503511499
1503511523
1503511812
1503511814
1503511813
1503512110
1503512372
1503512412
1503512452
1503512422
1503512722
1503512972
1503513013
1503513053
1503513092
1503513022
1503513093
1503513212
1503513253
1503513292
1503513332
1503513373
1503513412
1503513322
1503513412
1503513732
1503513622
1503513852
1503513892
1503513932
1503513973
1503514012
1503514052
1503513922
1503514053
1503514222
1503514372
1503514522
1503514693
1503514853
1503514893
1503514933
1503514973
1503515013
1503514822
1503515013
1503515122
1503515332
1503515422
1503515653
1503515722
1503515973
1503515973
1503516013
1503516023
1503516033
1503516053
1503516093
1503516132
1503516172
1503516212
1503516253
1503516022
1503516292
1503516322
1503516614
1503516622
1503516922
1503517132
1503517172
1503517214
1503517222
1503517242
1503517253
1503517253
1503517522
1503517823
1503517892
1503518122
1503518213
1503518533
1503518421
1503518722
1503518762
1503518773
1503518773
1503518782
1503518813
1503518853
1503518853
1503519173
1503519022
1503519333
1503519373
1503519413
1503519453
1503519493
1503519322
1503519493
1503519622
1503519733
1503519774
1503519813
1503519813
1503519853
1503519863
1503519874
1503519893
1503519933
1503519922
1503519951
1503519962
1503519972
1503519974
1503519982
1503520014
1503520053
1503520093
1503520133
1503520133
1503520221
1503520454
1503520522
1503520773
1503520821
1503521053
1503521093
1503521093
1503521122
1503521413
1503521422
1503521722
1503522022
1503522118
1503522133
1503522173
1503522213
1503522253
1503522293
1503522323
1503522332
1503522333
1503522342
1503522352
1503522362
1503522373
1503522372
1503522454
1503522494
1503522534
1503522574
1503522613
1503522654
1503522693
1503522622
1503522694
1503522922
1503523013
1503523174
1503523214
1503523254
1503523294
1503523333
1503523334
1503523221
1503523533
1503523573
1503523614
1503523654
1503523522
1503523653
1503523774
1503523814
1503523854
1503523894
1503523933
1503523973
1503523822
1503523974
1503524093
1503524133
1503524173
1503524214
1503524253
1503524294
1503524122
1503524421
1503524294
1503524472
1503524482
1503524494
1503524534
1503524574
1503524614
1503524615
1503524664
1503524674
1503524693
1503524734
1503524773
1503524814
1503524722
1503524853
1503524893
1503524933
1503524933
1503525022
1503525214
1503525253
1503525254
1503525322
1503525573
1503525621
1503525893
1503525893
1503525922
1503525961
1503525972
1503525973
1503525982
1503526013
1503526054
1503526094
1503526134
1503526174
1503526214
1503526215
1503526222
1503526373
1503526414
1503526454
1503526494
1503526522
1503526533
1503526534
1503526821
1503526934
1503526974
1503527014
1503527054
1503527094
1503527134
1503527174
1503527122
1503527375
1503527414
1503527454
1503527494
1503527422
1503527494
1503527722
1503527813
1503528134
1503528022
1503528174
1503528184
1503528194
1503528214
1503528254
1503528294
1503528334
1503528374
1503528414
1503528454
1503528322
1503528454
1503528774
1503528622
1503528934
1503528974
1503529014
1503529055
1503529095
1503528922
1503529094
1503529522
1503529222
1503529414
1503529542
1503529552
1503529562
1503529572
1503529574
1503529582
1503529614
1503529654
1503529695
1503529734
1503529734
1503529822
1503530122
1503530055
1503530254
1503530294
1503530334
1503530374
1503530422
1503530374
1503530574
1503530614
1503530654
1503530694
1503531022
1503531014
1503530722
1503531062
1503531064
1503531072
1503531074
1503531083
1503531094
1503531134
1503531174
1503531214
1503531254
1503531294
1503531322
1503531335
1503531332
1503531622
1503531674
1503531685
1503531694
1503531704
1503531714
1503531735
1503531774
1503531814
1503531855
1503531923
1503531894
1503531931
1503531942
1503531951
1503531962
1503531928
1503531972
1503532295
1503532222
1503532455
1503532495
1503532535
1503532574
1503532614
1503532522
1503532614
1503532823
1503532934
1503533255
1503533122
1503533334
1503533375
1503533414
1503533455
1503533495
1503533535
1503533575
1503533574
1503533422
1503533735
1503533774
1503533815
1503533854
1503533895
1503533722
1503533895
1503534021
1503534216
1503534322
1503534534
1503534614
1503534654
1503534694
1503534735
1503534774
1503534814
1503534855
1503534622
1503534855
1503534922
1503535222
1503535174
1503535414
1503535454
1503535494
1503535495
1503535522
1503535774
1503535815
1503535815
1503535822
1503536122
1503536422
1503536455
1503536455
1503536475
1503536485
1503536496
1503536505
1503536515
1503536536
1503536575
1503536616
1503536655
1503536695
1503536735
1503536775
1503537021
1503536722
1503537082
1503537095
1503537094
1503537415
1503537322
1503537622
1503537662
1503537672
1503537682
1503537695
1503537735
1503537735
1503538055
1503537921
1503538215
1503538255
1503538295
1503538335
1503538375
1503538222
1503538375
1503538522
1503538695
1503538821
1503539122
1503539015
1503539255
1503539295
1503539335
1503539422
1503539472
1503539336
1503539482
1503539495
1503539535
1503539576
1503539616
1503539655
1503539655
1503539722
1503539935
1503539976
1503539976
1503540021
1503540295
1503540322
1503540615
1503540622
1503540922
1503541015
1503541055
1503541095
1503541135
1503541175
1503541215
1503541256
1503541221
1503541336
1503541375
1503541416
1503541456
1503541496
1503541535
1503541575
1503541522
1503541606
1503541615
1503541625
1503541635
1503541655
1503541695
1503541736
1503541823
1503541895
1503542122
1503542215
1503542335
1503542375
1503542415
1503542456
1503542496
1503542536
1503542421
1503542536
1503542722
1503542856
1503543022
1503543176
1503543621
1503543497
1503543322
1503543682
1503543696
1503543736
1503543775
1503543815
1503543816
1503543846
1503543855
1503543865
1503543875
1503543897
1503543935
1503543975
1503544017
1503544055
1503543922
1503544095
1503544136
1503544136
1503544222
1503544375
1503544415
1503544456
1503544522
1503544456
1503544775
1503544776
1503544822
1503545122
1503545096
1503545375
1503545417
1503545415
1503545421
1503545736
1503545721
1503545776
1503545786
1503545795
1503545816
1503545855
1503545897
1503545936
1503545976
1503546016
1503546056
1503546022
1503546216
1503546256
1503546296
1503546336
1503546376
1503546322
1503546576
1503546616
1503546656
1503546696
1503546621
1503546696
1503546921
1503547222
1503547016
1503547282
1503547296
1503547336
1503547336
1503547496
1503547522
1503547536
1503547542
1503547552
1503547563
1503547572
1503547576
1503547582
1503547616
1503547656
1503547656
1503547976
1503547822
1503548122
1503548132
1503548136
1503548142
1503548152
1503548162
1503548172
1503548177
1503548182
1503548217
1503548256
1503548296
1503548423
1503548296
1503548536
1503548576
1503548616
1503548616
1503548722
1503549022
1503548936
1503549096
1503549136
1503549176
1503549217
1503549256
1503549256
1503549622
1503549322
1503549576
1503549672
1503549682
1503549696
1503549737
1503549776
1503549921
1503549896
1503550217
1503550222
1503550216
1503550296
1503550336
1503550376
1503550416
1503550456
1503550496
1503550536
1503550522
1503550547
1503550557
1503550566
1503550576
1503550587
1503550596
1503550616
1503550656
1503550697
1503550737
1503550777
1503550817
1503550856
1503550821
1503550917
1503550936
1503550977
1503551016
1503551056
1503551096
1503551136
1503551177
1503551122
1503551422
1503551497
1503551817
1503551722
1503551878
1503551897
1503551937
1503551977
1503552017
1503552057
1503552097
1503552136
1503552022
1503552137
1503552148
1503552157
1503552168
1503552177
1503552186
1503552197
1503552216
1503552256
1503552296
1503552322
1503552331
1503552338
1503552342
1503552352
1503552362
1503552372
1503552376
1503552382
1503552417
1503552457
1503552457
1503552537
1503552577
1503552617
1503552657
1503552697
1503552736
1503552777
1503552622
1503552921
1503552777
1503553097
1503553096
1503553217
1503553257
1503553297
1503553337
1503553376
1503553221
1503553417
1503553522
1503553417
1503553657
1503553697
1503553736
1503553736
1503553821
1503554057
1503554122
1503554337
1503554377
1503554377
1503554697
1503554721
1503554422
1503554782
1503554817
1503554856
1503554896
1503554936
1503554976
1503555016
1503555016
1503555022
1503555322
1503555622
1503555817
1503555858
1503555897
1503555937
1503555977
1503555922
1503556057
1503556097
1503556137
1503556177
1503556217
1503556222
1503556257
1503556262
1503556272
1503556282
1503556292
1503556297
1503556296
1503556417
1503556457
1503556497
1503556522
1503556617
1503556617
1503556822
1503556937
1503557257
1503557122
1503557377
1503557417
1503557457
1503557498
1503557537
1503557577
1503557422
1503557577
1503557607
1503557617
1503557627
1503557637
1503557657
1503557697
1503557737
1503557777
1503557817
1503557857
1503557897
1503557722
1503557897
1503558023
1503558217
1503558322
1503558622
1503558537
1503558737
1503558777
1503558817
1503558857
1503558857
1503558921
1503559179
1503559222
1503559419
1503559459
1503559499
1503559498
1503559522
1503559822
1503559819
1503560139
1503560122
1503560300
1503560340
1503560378
1503560419
1503560458
1503560422
1503560722
1503561022
1503561099
1503561119
1503561129
1503561139
1503561149
1503561159
1503561180
1503561219
1503561259
1503561300
1503561339
1503561379
1503561419
1503561322
1503561419
1503561459
1503561469
1503561479
1503561499
1503561539
1503561579
1503561619
1503561659
1503561699
1503561710
1503561622
1503561922
1503561739
1503561932
1503561939
1503561942
1503561952
1503561962
1503561972
1503561979
1503561982
1503562019
1503562059
1503562059
1503562179
1503562219
1503562259
1503562299
1503562339
1503562379
1503562221
1503562379
1503562540
1503562579
1503562619
1503562522
1503562660
1503562700
1503562821
1503562699
1503562832
1503562842
1503562852
1503562860
1503562863
1503562872
1503562883
1503562899
1503562939
1503562979
1503563019
1503563019
1503563029
1503563039
1503563049
1503563059
1503563069
1503563079
1503563099
1503563139
1503563121
1503563180
1503563182
1503563219
1503563259
1503563299
1503563339
1503563339
1503563419
1503563459
1503563499
1503563539
1503563580
1503563619
1503563660
1503563659
1503563422
1503563719
1503563739
1503563779
1503563819
1503563859
1503563900
1503563940
1503563979
1503563722
1503563980
1503564022
1503564029
1503564033
1503564040
1503564042
1503564052
1503564059
1503564062
1503564072
1503564083
1503564100
1503564140
1503564179
1503564220
1503564260
1503564299
1503564321
1503564299
1503564499
1503564540
1503564580
1503564619
1503564620
1503564622
1503564899
1503564939
1503564922
1503565179
1503565219
1503565260
1503565222
1503565419
1503565460
1503565499
1503565539
1503565580
1503565521
1503565640
1503565660
1503565700
1503565739
1503565779
1503565820
1503565860
1503565900
1503565900
1503565822
1503565910
1503565920
1503565930
1503565939
1503565950
1503565960
1503565980
1503566020
1503566060
1503566100
1503566140
1503566180
1503566220
1503566122
1503566220
1503566340
1503566379
1503566420
1503566460
1503566500
1503566422
1503566539
1503566540
1503566621
1503566660
1503566700
1503566740
1503566722
1503566753
1503566763
1503566772
1503566780
1503566782
1503566820
1503566860
1503566860
1503566890
1503566900
1503566909
1503566920
1503566939
1503566979
1503567019
1503567060
1503567100
1503567140
1503567180
1503567179
1503567219
1503567229
1503567240
1503567260
1503567299
1503567340
1503567322
1503567379
1503567460
1503567500
1503567500
1503567510
1503567520
1503567530
1503567540
1503567550
1503567560
1503567580
1503567619
1503567660
1503567622
1503567672
1503567682
1503567700
1503567740
1503567779
1503567820
1503567820
1503567860
1503567870
1503567880
1503567900
1503567940
1503567979
1503567923
1503568020
1503568059
1503568100
1503568140
1503568140
1503568221
1503568252
1503568260
1503568263
1503568273
1503568283
1503568300
1503568340
1503568380
1503568420
1503568459
1503568822
1503568780
1503569020
1503569060
1503569100
1503569101
1503569121
1503569172
1503569182
1503569180
1503569220
1503569261
1503569300
1503569340
1503569380
1503569421
1503569422
1503569421
1503569620
1503569660
1503569700
1503569740
1503569722
1503569780
1503569790
1503569801
1503569821
1503569860
1503569889
1503569920
1503569920
1503569921
1503569951
1503569952
1503569960
1503569962
1503569973
1503569971
1503569980
1503569982
1503570021
1503570011
1503570042
1503570052
1503570060
1503570062
1503570072
1503570082
1503570100
1503570141
1503570180
1503570220
1503570261
1503570261
1503570300
1503570310
1503570320
1503570340
1503570380
1503570420
1503570460
1503570321
1503570500
1503570540
1503570580
1503570621
1503570580
1503570682
1503570700
1503570740
1503570781
1503570820
1503570860
1503570900
1503570922
1503570900
1503570932
1503570942
1503570941
1503570950
1503570952
1503570960
1503570962
1503570972
1503570982
1503570981
1503571020
1503571060
1503571101
1503571140
1503571180
1503571221
1503571221
1503571222
1503571381
1503571420
1503571461
1503571501
1503571540
1503571522
1503571600
1503571620
1503571660
1503571700
1503571740
1503571780
1503571820
1503571860
1503571822
1503571910
1503571921
1503571940
1503571980
1503572020
1503572060
1503572100
1503572140
1503572180
1503572122
1503572340
1503572380
1503572420
1503572460
1503572501
1503572422
1503572501
1503572520
1503572530
1503572540
1503572550
1503572560
1503572580
1503572621
1503572660
1503572700
1503572722
1503572732
1503572740
1503572742
1503572752
1503572762
1503572772
1503572780
1503572782
1503572820
1503572820
1503572941
1503572980
1503573021
1503573061
1503573101
1503573022
1503573140
1503573140
1503573261
1503573300
1503573340
1503573380
1503573420
1503573461
1503573461
1503573322
1503573491
1503573501
1503573511
1503573521
1503573540
1503573581
1503573621
1503573621
1503573652
1503573660
1503573662
1503573672
1503573682
1503573700
1503573740
1503573780
1503573780
1503573901
1503573941
1503573922
1503574020
1503574060
1503574101
1503574101
1503574222
1503574421
1503574471
1503574481
1503574502
1503574540
1503574581
1503574621
1503574661
1503574521
1503574701
1503574742
1503574822
1503574740
1503574941
1503574981
1503575020
1503575061
1503575122
1503575061
1503575141
1503575143
1503575153
1503575162
1503575172
1503575181
1503575183
1503575221
1503575261
1503575301
1503575341
1503575381
1503575381
1503575423
1503575472
1503575482
1503575502
1503575540
1503575580
1503575621
1503575661
1503575701
1503575701
1503575721
1503575731
1503575741
1503575751
1503575762
1503575722
1503575781
1503575782
1503575822
1503575861
1503575901
1503575940
1503575981
1503576021
1503576021
1503576022
1503576141
1503576181
1503576221
1503576261
1503576301
1503576341
1503576322
1503576581
1503576621
1503576661
1503576621
1503576781
1503576821
1503576861
1503576901
1503576942
1503576981
1503576922
1503577031
1503577041
1503577061
1503577101
1503577141
1503577181
1503577221
1503577221
1503577272
1503577282
1503577301
1503577301
1503577421
1503577461
1503577501
1503577522
1503577543
1503577541
1503577553
1503577562
1503577572
1503577582
1503577581
1503577622
1503577631
1503577641
1503577651
1503577661
1503577672
1503577681
1503577701
1503577742
1503577781
1503577821
1503577861
1503577822
1503577941
1503578061
1503578122
1503578181
1503578182
1503578222
1503578261
1503578262
1503578341
1503578381
1503578421
1503578461
1503578501
1503578541
1503578422
1503578581
1503578582
1503578701
1503578741
1503578781
1503578722
1503578821
1503578861
1503578902
1503578901
1503578922
1503578932
1503578941
1503578951
1503578962
1503579021
1503579061
1503579101
1503579141
1503579182
1503579023
1503579221
1503579222
1503579322
1503579421
1503579461
1503579501
1503579541
1503579622
1503579542
1503579862
1503579922
1503579861
1503580021
1503580062
1503580101
1503580142
1503580182
1503580181
1503580261
1503580301
1503580341
1503580382
1503580223
1503580421
1503580462
1503580501
1503580500
1503580521
1503580531
1503580541
1503580550
1503580561
1503580582
1503580521
1503580621
1503580661
1503580701
1503580741
1503580782
1503580821
1503580822
1503580822
1503580941
1503580982
1503581021
1503581061
1503581101
1503581141
1503581122
1503581261
1503581302
1503581341
1503581381
1503581421
1503581461
1503581422
1503581582
1503581622
1503581662
1503581695
1503581696
1503581741
1503581782
1503581718
1503581902
1503581942
1503581982
1503582022
1503582062
1503582102
1503582022
1503582102
1503582261
1503582302
1503582342
1503582382
1503582322
1503582422
1503582622
1503582422
1503582642
1503582652
1503582661
1503582662
1503582672
1503582682
1503582701
1503582742
1503582742
1503582862
1503582901
1503582941
1503582981
1503583021
1503582922
1503583062
1503583061
1503583221
1503583253
1503583262
1503583262
1503583272
1503583282
1503583302
1503583342
1503583382
1503583382
1503583402
1503583412
1503583422
1503583432
1503583442
1503583462
1503583502
1503583523
1503583580
1503583521
1503583581
1503583643
1503583650
1503583653
1503583659
1503583661
1503583663
1503583702
1503583702
1503583781
1503583822
1503583811
1503583862
1503583862
1503583873
1503583882
1503583902
1503583943
1503583982
1503584022
1503584022
1503584072
1503584082
1503584102
1503584142
1503584182
1503584222
1503584122
1503584262
1503584302
1503584342
1503584342
1503584422
1503584542
1503584582
1503584622
1503584662
1503584662
1503584712
1503584722
1503584742
1503584782
1503584822
1503584722
1503584862
1503584902
1503584915
1503584913
1503584982
1503585022
1503585183
1503585222
1503585262
1503585302
1503585302
1503585323
1503585342
1503585342
1503585352
1503585352
1503585362
1503585362
1503585372
1503585382
1503585382
1503585422
1503585442
1503585440
1503585483
1503585493
1503585504
1503585502
1503585542
1503585582
1503585622
1503585632
1503585642
1503585652
1503585662
1503585672
1503585682
1503585702
1503585743
1503585782
1503585822
1503585862
1503585902
1503585922
1503585942
1503585928
1503585929
1503585922
1503585959
1503585970
1503585967
1503585977
1503585979
1503585989
1503585987
1503585997
1503586017
1503586057
1503586098
1503585963
1503585926
1503585926
1503585926
1503586137
1503586165
1503586178
1503586218
1503586257
1503586256
1503586458
1503586498
1503586538
1503586577
1503586578
1503586698
1503586738
1503586777
1503586817
1503586858
1503586898
1503586898
1503587138
1503587178
1503587218
1503587218
1503587338
1503587378
1503587418
1503587457
1503587498
1503587538
1503587537
1503587578
1503587588
1503587598
1503587618
1503587658
1503587697
1503587857
1503587858
1503588018
1503588058
1503588098
1503588138
1503588178
1503588178
1503588458
1503588498
1503588498
1503588618
1503588658
1503588698
1503588738
1503588778
1503588818
1503588818
1503588828
1503588838
1503588848
1503588858
1503588868
1503588878
1503588897
1503588938
1503588979
1503589018
1503589058
1503589098
1503589138
1503589138
1503589330
1503589378
1503589382
1503589392
1503589419
1503589458
1503589458
1503589658
1503589698
1503589738
1503589778
1503589779
1503589938
1503589978
1503590019
1503590059
1503590099
1503590098
1503590258
1503590299
1503590338
1503590378
1503590418
1503590419
1503590539
1503590579
1503590619
1503590658
1503590699
1503590739
1503590739
1503590939
1503590979
1503591019
1503591059
1503591059
1503591219
1503591259
1503591299
1503591339
1503591379
1503591379
1503591499
1503591539
1503591579
1503591620
1503591659
1503591699
1503591699
1503591729
1503591739
1503591749
1503591759
1503591779
1503591819
1503591859
1503591899
1503591939
1503591979
1503592020
1503592019
1503592339
1503592619
1503592660
1503592659
1503592779
1503592819
1503592859
1503592900
1503592940
1503592979
1503592979
1503593060
1503593100
1503593140
1503593179
1503593220
1503593260
1503593299
1503593299
1503593540
1503593579
1503593620
1503593619
1503593939
1503594059
1503594099
1503594140
1503594180
1503594220
1503594259
1503594259
1503594580
1503594580
1503594610
1503594899
1503595220
1503595540
1503595820
1503595859
1503595859
1503596020
1503596060
1503596099
1503596139
1503596180
1503596180
1503596501
1503596820
1503596980
1503597020
1503597060
1503597100
1503597140
1503597140
1503597460
1503597780
1503598100
1503598120
1503598130
1503598140
1503598150
1503598160
1503598181
1503598220
1503598260
1503598300
1503598340
1503598380
1503598420
1503598420
1503598580
1503598620
1503598660
1503598700
1503598740
1503598740
1503599021
1503599060
1503599060
1503599090
1503599100
1503599110
1503599120
1503599140
1503599180
1503599220
1503599260
1503599300
1503599340
1503599381
1503599381
1503599700
1503600021
1503600101
1503600140
1503600180
1503600221
1503600260
1503600300
1503600340
1503600340
1503600361
1503600371
1503600381
1503600391
1503600401
1503600420
1503600460
1503600501
1503600541
1503600580
1503600620
1503600660
1503600660
1503600981
1503601300
1503601621
1503601940
1503602060
1503602100
1503602140
1503602181
1503602221
1503602260
1503602260
1503602311
1503602321
1503602341
1503602380
1503602421
1503602460
1503602500
1503602540
1503602580
1503602580
1503602630
1503602640
1503602660
1503602701
1503602741
1503602781
1503602821
1503602861
1503602900
1503602900
1503603021
1503603061
1503603100
1503603140
1503603181
1503603220
1503603221
1503603502
1503603541
1503603541
1503603860
1503604061
1503604101
1503604141
1503604180
1503604181
1503604501
1503604701
1503604741
1503604781
1503604821
1503604821
1503604941
1503604981
1503605021
1503605061
1503605100
1503605141
1503605140
1503605460
1503605701
1503605741
1503605781
1503605780
1503605901
1503605941
1503605980
1503606101
1503606421
1503606621
1503606661
1503606701
1503606741
1503606741
1503606901
1503606941
1503606981
1503607021
1503607061
1503607061
1503607261
1503607301
1503607341
1503607382
1503607381
1503607701
1503607781
1503607822
1503607862
1503607901
1503607941
1503607981
1503608021
1503608021
1503608182
1503608222
1503608261
1503608301
1503608341
1503608341
1503608661
1503608692
1503608701
1503608711
1503608721
1503608742
1503608782
1503608821
1503608861
1503608902
1503608942
1503608981
1503608981
1503609182
1503609221
1503609261
1503609301
1503609302
1503609381
1503609421
1503609434
1503609435
1503609541
1503609581
1503609621
1503609621
1503609782
1503609822
1503609862
1503609901
1503609941
1503609942
1503610261
1503610501
1503610542
1503610582
1503610582
1503610902
1503611221
1503611302
1503611342
1503611382
1503611422
1503611462
1503611502
1503611541
1503611542
1503611572
1503611581
1503611591
1503611601
1503611621
1503611661
1503611702
1503611742
1503611782
1503611822
1503611861
1503611862
1503612182
1503612181
1503612502
1503612552
1503612562
1503612581
1503612622
1503612662
1503612701
1503612741
1503612782
1503612822
1503612823
1503613022
1503613062
1503613102
1503613143
1503613141
1503613262
1503613288
1503613462
1503613702
1503613742
1503613782
1503613781
1503614102
1503614422
1503614503
1503614542
1503614582
1503614622
1503614663
1503614702
1503614742
1503614781
1503614742
1503614821
1503614822
1503614831
1503614840
1503614862
1503614902
1503614943
1503614982
1503615022
1503615062
1503615062
1503615182
1503615222
1503615262
1503615302
1503615342
1503615382
1503615382
1503615702
1503615823
1503615862
1503615902
1503615942
1503615982
1503616022
1503616022
1503616344
1503616344
1503616342
1503616463
1503616503
1503616556
1503616662
1503616983
1503617002
1503617013
1503617022
1503617032
1503617043
1503617063
1503617103
1503617143
1503617183
1503617223
1503617263
1503617302
1503617303
1503617503
1503617543
1503617583
1503617602
1503617624
1503617624
1503617623
1503617704
1503617707
1503617717
1503617727
1503617737
1503617743
1503617747
1503617784
1503617824
1503617864
1503617904
1503617944
1503617756
1503617944
1503617984
1503617994
1503618004
1503618024
1503618063
1503618103
1503618143
1503618183
1503618224
1503618263
1503618264
1503618584
1503618824
1503618863
1503618904
1503618904
1503619025
1503619064
1503619104
1503619144
1503619224
1503619543
1503619864
1503620184
1503620214
1503620224
1503620234
1503620244
1503620264
1503620304
1503620344
1503620384
1503620424
1503620464
1503620504
1503620504
1503620664
1503620704
1503620744
1503620784
1503620824
1503620824
1503620943
1503620984
1503621024
1503621064
1503621103
1503621144
1503621145
1503621264
1503621304
1503621344
1503621384
1503621424
1503621464
1503621464
1503621783
1503621904
1503621944
1503621984
1503622024
1503622064
1503622156
1503622104
1503622224
1503622264
1503622304
1503622344
1503622384
1503622424
1503622424
1503622744
1503623024
1503623064
1503623064
1503623345
1503623384
1503623384
1503623584
1503623624
1503623664
1503623704
1503623704
1503623824
1503623864
1503623904
1503623944
1503623984
1503624024
1503624024
1503624304
1503624344
1503624345
1503624364
1503624374
1503624384
1503624394
1503624404
1503624424
1503624464
1503624504
1503624544
1503624584
1503624624
1503624665
1503624664
1503624984
1503624994
1503625005
1503625015
1503625025
1503625034
1503625045
1503625065
1503625104
1503625144
1503625184
1503625225
1503625264
1503625304
1503625305
1503625504
1503625544
1503625584
1503625624
1503625624
1503625945
1503626184
1503626224
1503626264
1503626264
1503626584
1503626585
1503626905
1503627225
1503627544
1503627564
1503627574
1503627584
1503627594
1503627605
1503627625
1503627664
1503627705
1503627745
1503627785
1503627825
1503627864
1503627864
1503628185
1503628304
1503628344
1503628384
1503628425
1503628465
1503628504
1503628506
1503628824
1503628845
1503628855
1503628865
1503628875
1503628885
1503628905
1503628945
1503628984
1503629024
1503629065
1503629104
1503629145
1503629145
1503629464
1503629664
1503629705
1503629745
1503629784
1503629785
1503629945
1503629985
1503630025
1503630065
1503630105
1503630105
1503630135
1503630144
1503630154
1503630164
1503630184
1503630224
1503630264
1503630305
1503630344
1503630385
1503630425
1503630425
1503630745
1503630755
1503630765
1503630775
1503630785
1503630795
1503630805
1503630825
1503630865
1503630905
1503630945
1503630985
1503631025
1503631064
1503631064
1503631114
1503631125
1503631145
1503631185
1503631225
1503631265
1503631305
1503631344
1503631384
1503631386
1503631625
1503631665
1503631705
1503631704
1503631824
1503632025
1503632024
1503632345
1503632665
1503632985
1503633265
1503633305
1503633305
1503633625
1503633625
1503633705
1503633945
1503633945
1503634265
1503634315
1503634325
1503634345
1503634385
1503634425
1503634465
1503634506
1503634545
1503634585
1503634585
1503634905
1503634935
1503634945
1503634955
1503634965
1503634986
1503635025
1503635065
1503635105
1503635145
1503635186
1503635225
1503635225
1503635275
1503635286
1503635306
1503635346
1503635545
1503635585
1503635595
1503635605
1503635625
1503635665
1503635705
1503635745
1503635786
1503635826
1503635866
1503635865
1503636146
1503636186
1503636185
1503636505
1503636745
1503636786
1503636825
1503636826
1503636835
1503636845
1503636855
1503636865
1503636875
1503636885
1503636905
1503636946
1503636985
1503637026
1503637066
1503637106
1503637145
1503637145
1503637466
1503637785
1503638105
1503638127
1503638137
1503638146
1503638156
1503638166
1503638185
1503638225
1503638265
1503638305
1503638346
1503638385
1503638425
1503638425
1503638546
1503638585
1503638625
1503638665
1503638705
1503638746
1503638746
1503638946
1503638986
1503639026
1503639065
1503639065
1503639385
1503639406
1503639416
1503639426
1503639436
1503639445
1503639466
1503639506
1503639546
1503639586
1503639626
1503639665
1503639706
1503639706
1503640026
1503640306
1503640346
1503640346
1503640666
1503640946
1503640985
1503640986
1503641306
1503641305
1503641625
1503641907
1503641946
1503641945
1503642146
1503642186
1503642226
1503642266
1503642266
1503642586
1503642596
1503642606
1503642616
1503642626
1503642636
1503642646
1503642666
1503642707
1503642746
1503642786
1503642826
1503642867
1503642906
1503643226
1503643546
1503643580
1503643866
1503644186
1503644226
1503644236
1503644246
1503644266
1503644306
1503644346
1503644386
1503644426
1503644465
1503644506
1503644506
1503644826
1503644886
1503644906
1503644946
1503644986
1503645026
1503645066
1503645106
1503645146
1503645146
1503645386
1503645466
1503645706
1503645746
1503645786
1503645786
1503645816
1503645826
1503645836
1503645846
1503645866
1503645906
1503645946
1503645986
1503646026
1503646066
1503646106
1503646266
1503646303
1503646426
1503646746
1503646907
1503646947
1503646987
1503647027
1503647066
1503647066
1503647146
1503647186
1503647226
1503647266
1503647307
1503647346
1503647386
1503647386
1503647707
1503648026
1503648347
1503648396
1503648406
1503648426
1503648466
1503648506
1503648546
1503648551
1503648666
1503648987
1503649017
1503649026
1503649037
1503649047
1503649067
1503649107
1503649146
1503649186
1503649227
1503649307
1503649306
1503649627
1503649906
1503649947
1503649946
1503650267
1503650297
1503650307
1503650317
1503650327
1503650347
1503650387
1503650427
1503650467
1503650507
1503650547
1503650587
1503650586
1503650706
1503650746
1503650786
1503650826
1503650866
1503650907
1503650906
1503651147
1503651187
1503651227
1503651227
1503651247
1503651257
1503651267
1503651277
1503651287
1503651307
1503651347
1503651386
1503651427
1503651466
1503651507
1503651547
1503651547
1503651707
1503651747
1503651788
1503651826
1503651867
1503651867
1503651897
1503651907
1503651917
1503651927
1503651947
1503651987
1503652027
1503652067
1503652106
1503652147
1503652187
1503652187
1503652347
1503652387
1503652427
1503652467
1503652507
1503652507
1503652527
1503652538
1503652547
1503652557
1503652567
1503652587
1503652626
1503652667
1503652707
1503652747
1503652787
1503652827
1503652827
1503652867
1503652877
1503652887
1503652907
1503652947
1503652987
1503653027
1503653067
1503653107
1503653147
1503653147
1503653167
1503653177
1503653188
1503653197
1503653207
1503653227
1503653267
1503653307
1503653347
1503653387
1503653428
1503653467
1503653467
1503653747
1503653787
1503653787
1503653867
1503653907
1503653947
1503653987
1503654027
1503654067
1503654107
1503654107
1503654267
1503654307
1503654347
1503654387
1503654427
1503654427
1503654447
1503654458
1503654467
1503654477
1503654487
1503654507
1503654547
1503654587
1503654627
1503654667
1503654707
1503654747
1503654747
1503654987
1503655027
1503655067
1503655068
1503655187
1503655228
1503655267
1503655307
1503655347
1503655387
1503655387
1503655507
1503655548
1503655588
1503655628
1503655668
1503655708
1503655728
1503655729
1503655748
1503655751
1503655758
1503655761
1503655767
1503655772
1503655778
1503655782
1503655792
1503655788
1503655858
1503656028
1503656068
1503656068
1503656228
1503656268
1503656308
1503656348
1503656388
1503656388
1503656508
1503656548
1503656588
1503656628
1503656668
1503656708
1503656708
1503656719
1503656728
1503656738
1503656748
1503656758
1503656768
1503656788
1503656828
1503656868
1503656908
1503656948
1503656988
1503657028
1503657028
1503657068
1503657078
1503657088
1503657108
1503657148
1503657188
1503657228
1503657268
1503657308
1503657348
1503657347
1503657509
1503657548
1503657588
1503657628
1503657668
1503657668
1503657718
1503657728
1503657749
1503657788
1503657828
1503657868
1503657908
1503657948
1503657988
1503657988
1503658148
1503658188
1503658228
1503658268
1503658308
1503658309
1503658388
1503658428
1503658469
1503658509
1503658548
1503658588
1503658628
1503658628
1503658688
1503658708
1503658748
1503658788
1503658828
1503658868
1503658908
1503658949
1503658948
1503659109
1503659149
1503659188
1503659228
1503659269
1503659268
1503659299
1503659308
1503659319
1503659329
1503659348
1503659388
1503659428
1503659468
1503659508
1503659548
1503659588
1503659588
1503659668
1503659709
1503659748
1503659788
1503659828
1503659869
1503659908
1503659908
1503659965
1503659988
1503659965
1503660026
1503660269
1503660308
1503660348
1503660348
1503660398
1503660409
1503660428
1503660469
1503660508
1503660548
1503660589
1503660628
1503660668
1503660668
1503660828
1503660869
1503660908
1503660949
1503660989
1503660988
1503661108
1503661148
1503661188
1503661228
1503661269
1503661308
1503661308
1503661388
1503661429
1503661468
1503661508
1503661548
1503661588
1503661629
1503661628
1503661669
1503661678
1503661689
1503661708
1503661749
1503661789
1503661829
1503661868
1503661909
1503661948
1503661948
1503662109
1503662148
1503662189
1503662228
1503662268
1503662269
1503662308
1503662318
1503662329
1503662348
1503662388
1503662428
1503662468
1503662508
1503662549
1503662589
1503662589
1503662599
1503662610
1503662620
1503662629
1503662639
1503662649
1503662669
1503662709
1503662749
1503662788
1503662829
1503662868
1503662909
1503662909
1503663149
1503663189
1503663228
1503663230
1503663428
1503663469
1503663508
1503663526
1503663549
1503663669
1503663709
1503663749
1503663789
1503663829
1503663869
1503663869
1503663989
1503664029
1503664069
1503664108
1503664149
1503664180
1503664182
1503664213
1503664224
1503664229
1503664229
1503664429
1503664469
1503664508
1503664549
1503664549
1503664579
1503664589
1503664599
1503664610
1503664630
1503664669
1503664709
1503664749
1503664789
1503664828
1503664869
1503664869
1503665029
1503665069
1503665109
1503665149
1503665189
1503665189
1503665349
1503665389
1503665429
1503665469
1503665509
1503665509
1503665519
1503665529
1503665539
1503665549
1503665559
1503665569
1503665589
1503665629
1503665669
1503665709
1503665749
1503665789
1503665829
1503665829
1503665949
1503665989
1503666029
1503666069
1503666078
1503666079
1503666091
1503666101
1503666109
1503666111
1503666122
1503666132
1503666141
1503666149
1503666149
1503666160
1503666169
1503666179
1503666189
1503666200
1503666209
1503666229
1503666269
1503666309
1503666349
1503666389
1503666429
1503666470
1503666469
1503666629
1503666669
1503666710
1503666749
1503666789
1503666789
1503666829
1503666839
1503666849
1503666869
1503666909
1503666949
1503666989
1503667029
1503667070
1503667109
1503667109
1503667129
1503667139
1503667149
1503667160
1503667169
1503667189
1503667229
1503667269
1503667310
1503667350
1503667390
1503667429
1503667429
1503667589
1503667629
1503667669
1503667709
1503667750
1503667749
1503667830
1503667870
1503667910
1503667950
1503667990
1503668030
1503668070
1503668069
1503668270
1503668310
1503668350
1503668390
1503668390
1503668509
1503668549
1503668586
1503668709
1503668709
1503668829
1503668870
1503668910
1503668950
1503668990
1503669030
1503669030
1503669270
1503669309
1503669350
1503669349
1503669469
1503669509
1503669549
1503669590
1503669630
1503669669
1503669669
1503669750
1503669989
1503669989
1503670189
1503670230
1503670270
1503670310
1503670258
1503670430
1503670470
1503670509
1503670550
1503670589
1503670630
1503670629
1503670727
1503672575
1503675250
1503675339
1503675460
1503675342
1503675342
1503675342
1503675343
1503675343
1503675458
1503675490
1503675491
1503675500
1503675501
1503675502
1503675511
1503675511
1503675520
1503675521
1503675541
1503675582
1503675622
1503675662
1503675642
1503675702
1503675703
1503675729
1503675942
1503675731
1503675982
1503675982
1503675992
1503676002
1503676022
1503676062
1503676061
1503676182
1503676222
1503676263
1503676302
1503676342
1503676382
1503676382
1503676702
1503676702
1503677023
1503677342
1503677662
1503677743
1503677782
1503677823
1503677863
1503677902
1503677943
1503677982
1503677982
1503678142
1503678182
1503678222
1503678262
1503678302
1503678302
1503678583
1503678622
1503678622
1503678742
1503678766
1503678943
1503678768
1503679142
1503679263
1503679582
1503679902
1503680183
1503680223
1503680222
1503680543
1503680704
1503680742
1503680782
1503680822
1503680863
1503680863
1503680943
1503680983
1503681023
1503681063
1503681103
1503681143
1503681183
1503681183
1503681263
1503681303
1503681343
1503681383
1503681423
1503681463
1503681503
1503681503
1503681823
1503681882
1503681903
1503681943
1503681983
1503682023
1503682063
1503682103
1503682143
1503682142
1503682192
1503682202
1503682222
1503682262
1503682302
1503682342
1503682382
1503682423
1503682463
1503682462
1503682782
1503682823
1503682833
1503682843
1503682863
1503682904
1503682943
1503682983
1503683023
1503683063
1503683103
1503683103
1503683133
1503683142
1503683152
1503683163
1503683183
1503683223
1503683262
1503683303
1503683343
1503683383
1503683423
1503683423
1503683622
1503683662
1503683702
1503683743
1503683743
1503684063
1503684062
1503684183
1503684223
1503684263
1503684303
1503684343
1503684383
1503684383
1503684463
1503684503
1503684543
1503684583
1503684623
1503684663
1503684703
1503684703
1503684903
1503684943
1503684983
1503685024
1503685023
1503685343
1503685343
1503685463
1503685481
1503685538
1503685604
1503685606
1503685663
1503685723
1503685743
1503685783
1503685823
1503685864
1503685903
1503685943
1503685983
1503686089
1503685983
1503686303
1503686304
1503686623
1503686823
1503686863
1503686904
1503686944
1503686943
1503687063
1503687103
1503687143
1503687184
1503687224
1503687263
1503687263
1503687584
1503687594
1503687603
1503687614
1503687623
1503687633
1503687643
1503687663
1503687703
1503687743
1503687783
1503687824
1503687864
1503687903
1503687903
1503688224
1503688224
1503688503
1503688544
1503688544
1503688783
1503688823
1503688864
1503688864
1503688984
1503689024
1503689064
1503689103
1503689143
1503689184
1503689183
1503689303
1503689344
1503689383
1503689424
1503689464
1503689503
1503689504
1503689744
1503689784
1503689825
1503689824
1503690104
1503690144
1503690145
1503690204
1503690224
1503690264
1503690304
1503690344
1503690384
1503690424
1503690463
1503690463
1503690474
1503690484
1503690494
1503690503
1503690514
1503690523
1503690544
1503690584
1503690623
1503690664
1503690705
1503690744
1503690784
1503690783
1503691025
1503691063
1503691104
1503691104
1503691424
1503691744
1503692064
1503692224
1503692264
1503692304
1503692344
1503692384
1503692384
1503692704
1503692784
1503692801
1503693024
1503692802
1503693055
1503693064
1503693074
1503693084
1503693104
1503693144
1503693184
1503693224
1503693264
1503693295
1503693344
1503693664
1503693664
1503693984
1503694184
1503694224
1503694265
1503694305
1503694304
1503694624
1503694645
1503694655
1503694665
1503694674
1503694685
1503694705
1503694745
1503694784
1503694825
1503694865
1503694905
1503694944
1503694945
1503695264
1503695264
1503695315
1503695325
1503695345
1503695384
1503695424
1503695464
1503695505
1503695544
1503695585
1503695584
1503695664
1503695704
1503695745
1503695785
1503695825
1503695865
1503695904
1503695905
1503696184
1503696225
1503696225
1503696235
1503696246
1503696256
1503696265
1503696275
1503696285
1503696305
1503696345
1503696385
1503696425
1503696465
1503696505
1503696545
1503696544
1503696605
1503696625
1503696664
1503696705
1503696745
1503696784
1503696824
1503696865
1503696865
1503696924
1503696945
1503696986
1503697025
1503697065
1503697105
1503697145
1503697185
1503697184
1503697205
1503697215
1503697224
1503697234
1503697244
1503697264
1503697305
1503697344
1503697384
1503697425
1503697465
1503697504
1503697504
1503697825
1503697905
1503697945
1503697984
1503698024
1503698064
1503698104
1503698146
1503698145
1503698185
1503698196
1503698205
1503698225
1503698265
1503698305
1503698345
1503698385
1503698425
1503698465
1503698464
1503698784
1503698786
1503699105
1503699225
1503699265
1503699305
1503699345
1503699385
1503699425
1503699424
1503699504
1503699544
1503699584
1503699625
1503699665
1503699705
1503699744
1503699745
1503699985
1503700025
1503700065
1503700065
1503700075
1503700086
1503700095
1503700105
1503700116
1503700125
1503700145
1503700185
1503700225
1503700265
1503700305
1503700345
1503700385
1503700385
1503700705
1503700705
1503701025
1503701346
1503701665
1503701665
1503701985
1503702046
1503702065
1503702105
1503702146
1503702185
1503702226
1503702265
1503702305
1503702305
1503702545
1503702586
1503702626
1503702625
1503702945
1503702946
1503703266
1503703586
1503703905
1503704145
1503704225
1503704545
1503704626
1503704666
1503704705
1503704746
1503704785
1503704825
1503704865
1503704865
1503704946
1503704985
1503705027
1503705066
1503705106
1503705146
1503705186
1503705185
1503705466
1503705506
1503705506
1503705536
1503705545
1503705555
1503705565
1503705586
1503705626
1503705667
1503705706
1503705746
1503705786
1503705826
1503705826
1503706146
1503706266
1503706305
1503706346
1503706386
1503706426
1503706465
1503706467
1503706706
1503706746
1503706786
1503706786
1503706835
1503706845
1503706865
1503706906
1503706946
1503706986
1503707026
1503707066
1503707106
1503707106
1503707186
1503707226
1503707266
1503707306
1503707346
1503707386
1503707426
1503707426
1503707667
1503707706
1503707746
1503707746
1503707986
1503708026
1503708067
1503708067
1503708226
1503708267
1503708306
1503708346
1503708386
1503708386
1503708626
1503708666
1503708706
1503708706
1503709027
1503709346
1503709467
1503709507
1503709547
1503709587
1503709626
1503709667
1503709986
1503709666
1503709996
1503710006
1503710016
1503710026
1503710036
1503710046
1503710066
1503710106
1503710146
1503710186
1503710227
1503710267
1503710306
1503710306
1503710627
1503710627
1503710747
1503710786
1503710826
1503710866
1503710906
1503710947
1503710947
1503711147
1503711187
1503711227
1503711266
1503711267
1503711387
1503711427
1503711467
1503711507
1503711547
1503711587
1503711587
1503711748
1503711787
1503711827
1503711868
1503711907
1503711907
1503712027
1503712066
1503712107
1503712147
1503712187
1503712227
1503712227
1503712547
1503712747
1503712787
1503712827
1503712867
1503712867
1503713067
1503713107
1503713147
1503713188
1503713187
1503713237
1503713247
1503713267
1503713307
1503713347
1503713387
1503713427
1503713467
1503713507
1503713507
1503713828
1503714007
1503714009
1503714009
1503714147
1503714187
1503714228
1503714268
1503714308
1503714347
1503714348
1503714348
1503714348
1503714349
1503714347
1503714587
1503714628
1503714667
1503714642
1503714707
1503714717
1503714727
1503714747
1503714788
1503714828
1503714868
1503714908
1503714948
1503714987
1503714987
1503715187
1503715227
1503715267
1503715308
1503715308
1503715627
1503715638
1503715648
1503715659
1503715668
1503715678
1503715688
1503715708
1503715748
1503715788
1503715828
1503715868
1503715907
1503715947
1503715948
1503716067
1503716108
1503716148
1503716188
1503716227
1503716268
1503716267
1503716590
1503716590
1503716588
1503716589
1503716589
1503716748
1503716788
1503716742
1503716802
1503716828
1503716868
1503716908
1503716908
1503717188
1503717229
1503717228
1503717388
1503717428
1503717468
1503717508
1503717549
1503717548
1503717748
1503717789
1503717828
1503717868
1503717868
1503718189
1503718509
1503718828
1503718989
1503719029
1503719068
1503719109
1503719149
1503719148
1503719199
1503719209
1503719228
1503719268
1503719308
1503719348
1503719388
1503719428
1503719469
1503719468
1503719789
1503720028
1503720069
1503720109
1503720109
1503720429
1503720709
1503720749
1503720749
1503721068
1503721388
1503721409
1503721420
1503721429
1503721439
1503721449
1503721469
1503721509
1503721549
1503721589
1503721629
1503721669
1503721709
1503721708
1503722028
1503722349
1503722548
1503722590
1503722630
1503722669
1503722669
1503722949
1503722988
1503722989
1503723309
1503723589
1503723628
1503723629
1503723948
1503724000
1503724009
1503724029
1503724069
1503724108
1503724149
1503724189
1503724229
1503724268
1503724269
1503724589
1503724619
1503724629
1503724639
1503724649
1503724669
1503724709
1503724749
1503724790
1503724829
1503724869
1503724909
1503724909
1503725230
1503725549
1503725870
1503725869
1503725989
1503726029
1503726069
1503726109
1503726149
1503726189
1503726190
1503726510
1503726749
1503726789
1503726829
1503726829
1503727149
1503727349
1503727389
1503727429
1503727470
1503727469
1503727790
1503727910
1503727950
1503727990
1503728030
1503728069
1503728109
1503728109
1503728430
1503728669
1503728709
1503728749
1503728749
1503729070
1503729119
1503729129
1503729149
1503729189
1503729229
1503729269
1503729309
1503729350
1503729390
1503729389
1503729710
1503730030
1503730149
1503730190
1503730229
1503730269
1503730309
1503730350
1503730349
1503730470
1503730510
1503730550
1503730590
1503730630
1503730669
1503730671
1503730830
1503730869
1503730910
1503730951
1503730989
1503730990
1503731110
1503731150
1503731190
1503731230
1503731270
1503731310
1503731310
1503731470
1503731510
1503731550
1503731591
1503731630
1503731630
1503731870
1503731910
1503731949
1503731949
1503732270
1503732590
1503732790
1503732830
1503732870
1503732911
1503732946
1503732910
1503732976
1503732987
1503732990
1503732996
1503733006
1503733030
1503733070
1503733110
1503733149
1503733189
1503733230
1503733229
1503733470
1503733509
1503733550
1503733550
1503733870
1503734190
1503734510
1503734830
1503734950
1503734990
1503735030
1503735070
1503735110
1503735150
1503735150
1503735430
1503735471
1503735470
1503735630
1503735670
1503735710
1503735750
1503735790
1503735790
1503736111
1503736430
1503736631
1503736670
1503736710
1503736751
1503736750
1503736951
1503736991
1503737030
1503737071
1503737071
1503737310
1503737351
1503737390
1503737390
1503737711
1503737831
1503737871
1503737910
1503737951
1503737990
1503738031
1503738031
1503738175
1503738310
1503738351
1503738351
1503738550
1503738590
1503738630
1503738671
1503738670
1503738990
1503739310
1503739320
1503739330
1503739340
1503739350
1503739360
1503739370
1503739390
1503739430
1503739470
1503739512
1503739552
1503739591
1503739631
1503739631
1503739691
1503739711
1503739751
1503739791
1503739830
1503739871
1503739911
1503739951
1503739951
1503740271
1503740271
1503740552
1503740590
1503740591
1503740911
1503741070
1503741111
1503741150
1503741190
1503741231
1503741230
1503741550
1503741671
1503741710
1503741750
1503741790
1503741831
1503741872
1503741871
1503741911
1503741921
1503741931
1503741951
1503741991
1503742031
1503742071
1503742111
1503742151
1503742191
1503742191
1503742241
1503742251
1503742270
1503742310
1503742350
1503742391
1503742431
1503742471
1503742510
1503742511
1503742750
1503742791
1503742831
1503742831
1503742911
1503742951
1503742991
1503743031
1503743071
1503743111
1503743151
1503743151
1503743211
1503743231
1503743271
1503743311
1503743351
1503743391
1503743431
1503743471
1503743471
1503743711
1503743751
1503743791
1503743791
1503744111
1503744111
1503744272
1503744311
1503744351
1503744392
1503744431
1503744432
1503744751
1503744751
1503744952
1503744991
1503745031
1503745072
1503745071
1503745081
1503745091
1503745101
1503745111
1503745121
1503745131
1503745151
1503745191
1503745231
1503745271
1503745311
1503745352
1503745391
1503745392
1503745711
1503745991
1503746031
1503746031
1503746352
1503746372
1503746382
1503746391
1503746401
1503746411
1503746431
1503746471
1503746511
1503746551
1503746591
1503746631
1503746672
1503746671
1503746871
1503746912
1503746952
1503746991
1503746991
1503747312
1503747471
1503747511
1503747552
1503747592
1503747632
1503747632
1503747641
1503747651
1503747661
1503747672
1503747681
1503747691
1503747712
1503747752
1503747792
1503747832
1503747872
1503747912
1503747951
1503747952
1503748072
1503748112
1503748151
1503748192
1503748232
1503748272
1503748271
1503748433
1503748472
1503748512
1503748552
1503748591
1503748591
1503748912
1503749231
1503749271
1503749282
1503749291
1503749311
1503749351
1503749392
1503749432
1503749471
1503749512
1503749552
1503749551
1503749872
1503749992
1503750033
1503750072
1503750112
1503750152
1503750192
1503750192
1503750512
1503750831
1503751112
1503751151
1503751152
1503751472
1503751792
1503751792
1503752112
1503752432
1503752552
1503752592
1503752632
1503752672
1503752712
1503752752
1503752752
1503753072
1503753122
1503753132
1503753152
1503753192
1503753232
1503753272
1503753312
1503753352
1503753393
1503753393
1503753442
1503753672
1503753712
1503753713
1503753714
1503753714
1503753714
1503753714
1503753943
1503754032
1503754272
1503754312
1503754353
1503754352
1503754673
1503754753
1503754794
1503754833
1503754873
1503754913
1503754953
1503754994
1503754994
1503754994
1503755143
1503754993
1503754994
1503754994
1503755233
1503755273
1503755313
1503755313
1503755473
1503755513
1503755553
1503755593
1503755633
1503755633
1503755953
1503756273
1503756353
1503756393
1503756433
1503756473
1503756513
1503756553
1503756578
1503756593
1503756613
1503756953
1503756614
1503756614
1503756973
1503756983
1503756994
1503757003
1503757013
1503757033
1503757073
1503757113
1503757153
1503757183
1503757193
1503757213
1503757214
1503757214
1503757233
1503757234
1503757234
1503757243
1503757245
1503757254
1503757254
1503757263
1503757265
1503757275
1503757274
1503757314
1503757353
1503757394
1503757433
1503757473
1503757243
1503757513
1503757553
1503757553
1503757583
1503757593
1503757603
1503757613
1503757634
1503757673
1503757713
1503757753
1503757793
1503757834
1503757873
1503757873
1503758073
1503758113
1503758153
1503758193
1503758193
1503758434
1503758474
1503758513
1503758513
1503758573
1503758593
1503758633
1503758673
1503758713
1503758753
1503758793
1503758834
1503758833
1503759154
1503759473
1503759793
1503760114
1503760113
1503760433
1503760754
1503760913
1503760953
1503760993
1503761033
1503761074
1503761073
1503761114
1503761124
1503761134
1503761154
1503761194
1503761234
1503761274
1503761314
1503761354
1503761393
1503761393
1503761404
1503761414
1503761424
1503761434
1503761444
1503761454
1503761474
1503761514
1503761554
1503761593
1503761633
1503761673
1503761713
1503761713
1503761753
1503761747
1503761750
1503761750
1503761750
1503761750
1503761750
1503762078
1503762402
1503762402
1503762721
1503763041
1503763042
1503763362
1503763682
1503763682
1503763841
1503763881
1503763921
1503763961
1503764002
1503764002
1503764242
1503764282
1503764322
1503764322
1503764642
1503764762
1503764802
1503764842
1503764882
1503764922
1503764961
1503764962
1503764972
1503764982
1503764992
1503765002
1503765012
1503765022
1503765041
1503765081
1503765122
1503765162
1503765201
1503765242
1503765282
1503765282
1503765602
1503765922
1503765972
1503765981
1503766002
1503766041
1503766081
1503766121
1503766161
1503766201
1503766242
1503766242
1503766442
1503766483
1503766522
1503766562
1503766561
1503766882
1503766902
1503766912
1503766922
1503766932
1503766942
1503766962
1503767002
1503767042
1503767082
1503767122
1503767162
1503767202
1503767202
1503767522
1503767642
1503767682
1503767722
1503767762
1503767802
1503767841
1503767842
1503767862
1503767872
1503767882
1503767892
1503767902
1503767922
1503767962
1503768002
1503768042
1503768082
1503768122
1503768162
1503768162
1503768482
1503768562
1503768602
1503768642
1503768682
1503768722
1503768762
1503768802
1503768802
1503769042
1503769082
1503769123
1503769122
1503769322
1503769362
1503769403
1503769443
1503769442
1503769602
1503769642
1503769682
1503769723
1503769763
1503769762
1503770083
1503770162
1503770203
1503770242
1503770283
1503770323
1503770362
1503770402
1503770402
1503770562
1503770603
1503770643
1503770683
1503770722
1503770722
1503770772
1503770782
1503770802
1503770842
1503770882
1503770922
1503770962
1503771002
1503771042
1503771042
1503771163
1503771203
1503771243
1503771283
1503771322
1503771363
1503771362
1503771382
1503771393
1503771402
1503771412
1503771422
1503771442
1503771482
1503771522
1503771562
1503771603
1503771642
1503771683
1503771683
1503771802
1503771843
1503771882
1503771923
1503771963
1503772003
1503772002
1503772023
1503772033
1503772043
1503772053
1503772063
1503772082
1503772122
1503772162
1503772203
1503772243
1503772283
1503772322
1503772322
1503772483
1503772522
1503772563
1503772603
1503772642
1503772643
1503772722
1503772762
1503772802
1503772842
1503772882
1503772922
1503772962
1503772963
1503773163
1503773202
1503773242
1503773283
1503773283
1503773333
1503773342
1503773363
1503773403
1503773443
1503773483
1503773523
1503773563
1503773603
1503773603
1503773922
1503773962
1503773973
1503773983
1503774002
1503774043
1503774082
1503774122
1503774163
1503774202
1503774243
1503774242
1503774564
1503774883
1503774923
1503774934
1503774944
1503774963
1503775003
1503775043
1503775083
1503775123
1503775163
1503775204
1503775203
1503775524
1503775844
1503776164
1503776364
1503776404
1503776444
1503776484
1503776484
1503776643
1503776684
1503776724
1503776764
1503776804
1503776804
1503777124
1503777444
1503777484
1503777494
1503777503
1503777524
1503777564
1503777604
1503777644
1503777684
1503777724
1503777764
1503777764
1503778084
1503778284
1503778325
1503778365
1503778404
1503778404
1503778724
1503778964
1503779004
1503779044
1503779043
1503779244
1503779284
1503779324
1503779363
1503779364
1503779424
1503779444
1503779484
1503779524
1503779565
1503779604
1503779644
1503779684
1503779684
1503779884
1503779924
1503779964
1503780004
1503780005
1503780324
1503780324
1503780644
1503780694
1503780704
1503780724
1503780764
1503780805
1503780844
1503780885
1503780924
1503780964
1503780964
1503781244
1503781284
1503781285
1503781604
1503781924
1503782084
1503782125
1503782165
1503782204
1503782244
1503782244
1503782524
1503782565
1503782564
1503782614
1503782624
1503782644
1503782684
1503782724
1503782764
1503782804
1503782844
1503782884
1503782884
1503783205
1503783255
1503783264
1503783284
1503783325
1503783364
1503783404
1503783444
1503783484
1503783525
1503783525
1503783844
1503784005
1503784045
1503784084
1503784124
1503784165
1503784164
1503784485
1503784485
1503784804
1503784815
1503784825
1503784835
1503784845
1503784855
1503784865
1503784885
1503784925
1503784965
1503785005
1503785045
1503785085
1503785124
1503785125
1503785364
1503785404
1503785444
1503785446
1503785765
1503785845
1503785884
1503785925
1503785965
1503786005
1503786045
1503786085
1503786085
1503786205
1503786245
1503786285
1503786325
1503786365
1503786405
1503786405
1503786565
1503786605
1503786645
1503786685
1503786724
1503786724
1503786845
1503786885
1503786925
1503786965
1503787005
1503787045
1503787045
1503787204
1503787245
1503787285
1503787324
1503787365
1503787365
1503787685
1503787704
1503787715
1503787724
1503787735
1503787745
1503787765
1503787804
1503787845
1503787886
1503787925
1503787965
1503788005
1503788005
1503788285
1503788325
1503788325
1503788405
1503788445
1503788485
1503788525
1503788565
1503788604
1503788645
1503788645
1503788806
1503788846
1503788885
1503788925
1503788965
1503788965
1503789205
1503789245
1503789285
1503789285
1503789605
1503789925
1503790125
1503790165
1503790206
1503790245
1503790246
1503790305
1503790325
1503790365
1503790405
1503790445
1503790485
1503790525
1503790565
1503790602
1503790565
1503790846
1503790886
1503790885
1503791206
1503791525
1503791726
1503791766
1503791806
1503791845
1503791846
1503791925
1503791965
1503792005
1503792045
1503792085
1503792125
1503792165
1503792166
1503792486
1503792516
1503792526
1503792535
1503792546
1503792566
1503792606
1503792646
1503792686
1503792726
1503792766
1503792805
1503792806
1503792925
1503792965
1503793005
1503793045
1503793085
1503793126
1503793125
1503793445
1503793466
1503793476
1503793486
1503793496
1503793505
1503793525
1503793565
1503793605
1503793645
1503793686
1503793727
1503793765
1503793766
1503794086
1503794406
1503794427
1503794436
1503794446
1503794456
1503794467
1503794486
1503794526
1503794566
1503794606
1503794646
1503794686
1503794725
1503794727
1503795046
1503795286
1503795326
1503795366
1503795366
1503795426
1503795446
1503795486
1503795526
1503795565
1503795605
1503795645
1503795686
1503795686
1503795887
1503795927
1503795966
1503796006
1503796006
1503796326
1503796646
1503796966
1503797086
1503797126
1503797165
1503797206
1503797246
1503797287
1503797286
1503797316
1503797326
1503797336
1503797346
1503797366
1503797406
1503797445
1503797485
1503797526
1503797566
1503797606
1503797606
1503797925
1503798246
1503798566
1503798886
1503798886
1503799206
1503799526
1503799527
1503799847
1503800166
1503800327
1503800367
1503800407
1503800446
1503800486
1503800486
1503800497
1503800507
1503800517
1503800526
1503800537
1503800546
1503800566
1503800607
1503800647
1503800687
1503800726
1503800766
1503800806
1503800806
1503801046
1503801087
1503801126
1503801126
1503801446
1503801606
1503801646
1503801686
1503801726
1503801766
1503801767
1503802086
1503802207
1503802247
1503802287
1503802326
1503802366
1503802406
1503802407
1503802527
1503802567
1503802607
1503802647
1503802687
1503802726
1503802726
1503802886
1503802926
1503802966
1503803006
1503803047
1503803047
1503803206
1503803246
1503803286
1503803326
1503803367
1503803367
1503803687
1503804006
1503804087
1503804127
1503804167
1503804207
1503804247
1503804287
1503804326
1503804327
1503804646
1503804967
1503805016
1503805027
1503805047
1503805087
1503805127
1503805167
1503805207
1503805247
1503805287
1503805287
1503805406
1503805446
1503805486
1503805526
1503805566
1503805608
1503805607
1503805656
1503805666
1503805686
1503805727
1503805766
1503805806
1503805846
1503805888
1503805927
1503805927
1503806127
1503806166
1503806206
1503806247
1503806246
1503806306
1503806326
1503806366
1503806406
1503806447
1503806487
1503806526
1503806567
1503806566
1503806597
1503806607
1503806617
1503806627
1503806647
1503806687
1503806727
1503806767
1503806806
1503806847
1503806886
1503806887
1503807207
1503807446
1503807486
1503807527
1503807527
1503807686
1503807727
1503807768
1503807807
1503807846
1503807847
1503808167
1503808487
1503808807
1503809127
1503809447
1503809768
1503809927
1503809967
1503810007
1503810047
1503810088
1503810088
1503810117
1503810127
1503810137
1503810147
1503810167
1503810207
1503810247
1503810287
1503810327
1503810367
1503810408
1503810407
1503810727
1503810758
1503810768
1503810777
1503810788
1503810808
1503810847
1503810887
1503810927
1503810967
1503811007
1503811047
1503811048
1503811208
1503811247
1503811287
1503811327
1503811367
1503811367
1503811687
1503812007
1503812287
1503812328
1503812327
1503812647
1503812647
1503812687
1503812697
1503812707
1503812727
1503812768
1503812807
1503812847
1503812887
1503812927
1503812968
1503812967
1503813287
1503813608
1503813888
1503813928
1503813927
1503813958
1503813968
1503813978
1503813988
1503814008
1503814048
1503814088
1503814128
1503814168
1503814208
1503814247
1503814248
1503814528
1503814567
1503814568
1503814888
1503815088
1503815128
1503815167
1503815208
1503815208
1503815407
1503815447
1503815488
1503815528
1503815528
1503815608
1503815648
1503815688
1503815728
1503815768
1503815807
1503815848
1503815848
1503815888
1503815897
1503815909
1503815929
1503815968
1503816008
1503816048
1503816088
1503816128
1503816168
1503816168
1503816488
1503816728
1503816768
1503816808
1503816808
1503817128
1503817448
1503817649
1503817689
1503817728
1503817768
1503817768
1503818008
1503818048
1503818087
1503818088
1503818288
1503818328
1503818368
1503818408
1503818408
1503818728
1503818848
1503818889
1503818928
1503818968
1503818989
1503819048
1503819078
1503819088
1503819098
1503819108
1503819128
1503819168
1503819209
1503819248
1503819288
1503819329
1503819368
1503819402
1503819369
1503819689
1503819689
1503819849
1503819888
1503819928
1503819968
1503820008
1503820008
1503820248
1503820288
1503820329
1503820329
1503820529
1503820569
1503820609
1503820649
1503820648
1503820970
1503821289
1503821449
1503821490
1503821530
1503821569
1503821609
1503821609
1503821930
1503822249
1503822569
1503822689
1503822729
1503822769
1503822809
1503822849
1503822889
1503822889
1503822930
1503822940
1503822949
1503822969
1503823009
1503823049
1503823089
1503823129
1503823169
1503823209
1503823209
1503823239
1503823249
1503823259
1503823269
1503823289
1503823330
1503823369
1503823410
1503823449
1503823490
1503823529
1503823529
1503823850
1503824170
1503824450
1503824490
1503824489
1503824540
1503824550
1503824570
1503824609
1503824649
1503824689
1503824729
1503824770
1503824809
1503824809
1503825129
1503825249
1503825290
1503825330
1503825369
1503825409
1503825449
1503825449
1503825610
1503825650
1503825690
1503825730
1503825769
1503825770
1503826090
1503826410
1503826609
1503826649
1503826689
1503826729
1503826729
1503826769
1503826779
1503826789
1503826809
1503826849
1503826889
1503826930
1503826970
1503827010
1503827050
1503827050
1503827289
1503827330
1503827370
1503827369
1503827730
1503827729
1503827809
1503827849
1503827889
1503827929
1503827970
1503828010
1503828049
1503828049
1503828130
1503828170
1503828210
1503828250
1503828289
1503828329
1503828369
1503828370
1503828690
1503828750
1503828770
1503828810
1503828850
1503828890
1503828930
1503828970
1503829010
1503829010
1503829170
1503829210
1503829250
1503829290
1503829329
1503829330
1503829409
1503829449
1503829489
1503829529
1503829570
1503829610
1503829650
1503829650
1503829969
1503830130
1503830169
1503830210
1503830250
1503830290
1503830291
1503830410
1503830451
1503830490
1503830530
1503830570
1503830610
1503830610
1503830690
1503830730
1503830770
1503830810
1503830850
1503830890
1503830930
1503830930
1503831250
1503831311
1503831330
1503831370
1503831410
1503831450
1503831490
1503831530
1503831570
1503831570
1503831650
1503831690
1503831730
1503831770
1503831810
1503831850
1503831890
1503831891
1503831950
1503831970
1503832010
1503832050
1503832090
1503832130
1503832170
1503832211
1503832210
1503832410
1503832450
1503832490
1503832530
1503832530
1503832850
1503833010
1503833050
1503833090
1503833130
1503833170
1503833170
1503833490
1503833731
1503833771
1503833810
1503833810
1503833851
1503833861
1503833871
1503833891
1503833931
1503833971
1503834011
1503834050
1503834090
1503834130
1503834130
1503834181
1503834191
1503834210
1503834250
1503834290
1503834330
1503834370
1503834410
1503834451
1503834451
1503834771
1503835091
1503835411
1503835731
1503835811
1503835851
1503835891
1503835931
1503835970
1503836010
1503836051
1503836050
1503836371
1503836612
1503836652
1503836690
1503836690
1503836742
1503836751
1503836772
1503836811
1503836852
1503836891
1503836931
1503836971
1503837011
1503837211
1503837251
1503837291
1503837331
1503837331
1503837392
1503837412
1503837451
1503837491
1503837531
1503837571
1503837611
1503837651
1503837651
1503837971
1503838291
1503838322
1503838490
1503838530
1503838570
1503838611
1503838611
1503838731
1503838771
1503838811
1503838851
1503838892
1503838931
1503838931
1503839131
1503839171
1503839211
1503839251
1503839251
1503839571
1503839891
1503840211
1503840231
1503840241
1503840251
1503840261
1503840272
1503840291
1503840332
1503840371
1503840411
1503840451
1503840491
1503840531
1503840531
1503840851
1503841011
1503841051
1503841091
1503841131
1503841171
1503841171
1503841491
1503841612
1503841651
1503841691
1503841731
1503841771
1503841812
1503841811
1503842132
1503842478
1503842392
1503842392
1503842692
1503842731
1503842731
1503842782
1503842792
1503842812
1503842851
1503842891
1503842931
1503842971
1503843012
1503843051
1503843051
1503843252
1503843291
1503843331
1503843371
1503843371
1503843692
1503843691
1503843811
1503843851
1503843892
1503843932
1503843972
1503844012
1503844011
1503844171
1503844211
1503844221
1503844251
1503844292
1503844331
1503844331
1503844451
1503844492
1503844532
1503844572
1503844611
1503844651
1503844651
1503844972
1503845132
1503845172
1503845212
1503845251
1503845292
1503845291
1503845302
1503845312
1503845322
1503845331
1503845342
1503845351
1503845371
1503845411
1503845451
1503845491
1503845531
1503845571
1503845612
1503845612
1503845932
1503845932
1503846131
1503846171
1503846211
1503846252
1503846252
1503846571
1503846631
1503846651
1503846692
1503846732
1503846772
1503846812
1503846851
1503846892
1503846892
1503846922
1503846932
1503846942
1503846952
1503846972
1503847012
1503847052
1503847091
1503847131
1503847172
1503847212
1503847211
1503847531
1503847731
1503847772
1503847811
1503847852
1503847852
1503847932
1503847972
1503848012
1503848052
1503848092
1503848132
1503848172
1503848176
1503848176
1503848171
1503848176
1503848176
1503848176
1503848426
1503848466
1503848506
1503848489
1503848546
1503848557
1503848566
1503848586
1503848626
1503848666
1503848707
1503848747
1503848786
1503848826
1503848826
1503849146
1503849146
1503849466
1503849467
1503849787
1503849846
1503849866
1503849906
1503849946
1503849986
1503850026
1503850066
1503850106
1503850106
1503850426
1503850547
1503850587
1503850627
1503850667
1503850707
1503850747
1503850746
1503850946
1503850986
1503851026
1503851066
1503851067
1503851386
1503851387
1503851406
1503851417
1503851426
1503851436
1503851446
1503851466
1503851506
1503851547
1503851587
1503851626
1503851667
1503851706
1503851706
1503851757
1503851767
1503851787
1503851826
1503851867
1503851907
1503851947
1503851987
1503852027
1503852026
1503852057
1503852066
1503852077
1503852087
1503852106
1503852146
1503852186
1503852226
1503852266
1503852307
1503852346
1503852347
1503852586
1503852627
1503852666
1503852667
1503852826
1503852867
1503852907
1503852947
1503852987
1503852986
1503853227
1503853267
1503853306
1503853306
1503853627
1503853626
1503853946
1503854267
1503854287
1503854297
1503854306
1503854307
1503854324
1503854322
1503854507
1503854547
1503854587
1503854587
1503854906
1503855227
1503855237
1503855247
1503855256
1503855267
1503855277
1503855286
1503855304
1503855547
1503855867
1503856067
1503856107
1503856147
1503856187
1503856186
1503856508
1503856827
1503856987
1503857027
1503857068
1503857107
1503857147
1503857147
1503857427
1503857467
1503857467
1503857747
1503857787
1503857787
1503858107
1503858138
1503858147
1503858158
1503858168
1503858188
1503858228
1503858267
1503858307
1503858347
1503858387
1503858428
1503858428
1503858477
1503858487
1503858507
1503858547
1503858587
1503858628
1503858667
1503858707
1503858747
1503858747
1503859067
1503859067
1503859388
1503859468
1503859508
1503859547
1503859708
1503860028
1503860228
1503860268
1503860308
1503860348
1503860349
1503860548
1503860588
1503860628
1503860669
1503860668
1503860718
1503860728
1503860748
1503860788
1503860828
1503860868
1503860908
1503860948
1503860989
1503860988
1503861308
1503861628
1503861949
1503861989
1503861998
1503862009
1503862028
1503862068
1503862108
1503862148
1503862188
1503862228
1503862269
1503862269
1503862588
1503862709
1503862749
1503862789
1503862829
1503862869
1503862882
1503862909
1503862939
1503862949
1503862958
1503862969
1503862988
1503863028
1503863069
1503863109
1503863149
1503863189
1503863228
1503863228
1503863239
1503863249
1503863259
1503863269
1503863279
1503863289
1503863308
1503863348
1503863388
1503863428
1503863469
1503863508
1503863548
1503863549
1503863868
1503863990
1503864029
1503864069
1503864109
1503864149
1503864189
1503864189
1503864390
1503864429
1503864469
1503864509
1503864508
1503864828
1503865109
1503865148
1503865149
1503865429
1503865469
1503865469
1503865790
1503866069
1503866109
1503866110
1503866429
1503866748
1503866948
1503866988
1503867029
1503867069
1503867119
1503867129
1503867149
1503867189
1503867229
1503867270
1503867309
1503867349
1503867389
1503867389
1503867399
1503867409
1503867419
1503867429
1503867439
1503867449
1503867469
1503867509
1503867549
1503867589
1503867629
1503867669
1503867709
1503867710
1503867949
1503867989
1503868029
1503868029
1503868229
1503868269
1503868309
1503868349
1503868349
1503868469
1503868509
1503868549
1503868589
1503868629
1503868669
1503868669
1503868749
1503868790
1503868829
1503868869
1503868909
1503868949
1503868989
1503868989
1503869110
1503869149
1503869189
1503869230
1503869269
1503869309
1503869309
1503869629
1503869949
1503870269
1503870299
1503870309
1503870319
1503870329
1503870349
1503870389
1503870430
1503870470
1503870509
1503870549
1503870589
1503870589
1503870710
1503870749
1503870789
1503870829
1503870870
1503870909
1503870910
1503870949
1503870959
1503870969
1503870989
1503871029
1503871069
1503871109
1503871149
1503871189
1503871230
1503871229
1503871549
1503871669
1503871710
1503871750
1503871790
1503871830
1503871869
1503871870
1503872150
1503872190
1503872189
1503872249
1503872269
1503872309
1503872349
1503872390
1503872430
1503872469
1503872510
1503872509
1503872829
1503873150
1503873470
1503873790
1503873850
1503873869
1503873911
1503873950
1503873990
1503874030
1503874070
1503874109
1503874110
1503874350
1503874389
1503874431
1503874430
1503874749
1503875069
1503875310
1503875350
1503875390
1503875390
1503875710
1503875910
1503875950
1503875990
1503876030
1503876030
1503876310
1503876350
1503876350
1503876670
1503876950
1503876990
1503877001
1503876990
1503877310
1503877310
1503877630
1503877870
1503877910
1503877950
1503877950
1503878030
1503878070
1503878110
1503878150
1503878190
1503878230
1503878271
1503878270
1503878590
1503878911
1503879030
1503879071
1503879110
1503879151
1503879190
1503879230
1503879230
1503879510
1503879550
1503879550
1503879790
1503879830
1503879870
1503879871
1503880191
1503880511
1503880671
1503880710
1503880750
1503880831
1503880831
1503880840
1503880850
1503880860
1503880870
1503880880
1503880890
1503880910
1503880950
1503880990
1503881030
1503881070
1503881110
1503881150
1503881150
1503881470
1503881500
1503881510
1503881520
1503881530
1503881550
1503881591
1503881631
1503881670
1503881710
1503881750
1503881791
1503881790
1503882111
1503882271
1503882311
1503882351
1503882391
1503882430
1503882430
1503882670
1503882710
1503882750
1503882751
1503883070
1503883390
1503883550
1503883590
1503883631
1503883671
1503883710
1503883711
1503884031
1503884032
1503884032
1503884188
1503884209
1503884219
1503884229
1503884231
1503884240
1503884249
1503884271
1503884312
1503884351
1503884352
1503884671
1503884672
1503884991
1503885312
1503885313
1503885311
1503885345
1503885345
1503885352
1503885355
1503885355
1503885361
1503885366
1503885365
1503885372
1503885376
1503885375
1503885392
1503885389
1503885410
1503885419
1503885432
1503885430
1503885439
1503885449
1503885472
1503885512
1503885552
1503885592
1503885631
1503885631
1503885751
1503885791
1503885831
1503885871
1503885911
1503885951
1503885952
1503886272
1503886592
1503886612
1503886622
1503886632
1503886642
1503886652
1503886672
1503886711
1503886752
1503886792
1503886831
1503886871
1503886912
1503886911
1503886932
1503886942
1503886951
1503886961
1503886971
1503886991
1503887031
1503887071
1503887111
1503887151
1503887191
1503887231
1503887232
1503887471
1503887511
1503887551
1503887552
1503887871
1503888151
1503888192
1503888191
1503888511
1503888832
1503889152
1503889391
1503889431
1503889472
1503889472
1503889482
1503889491
1503889502
1503889512
1503889521
1503889531
1503889552
1503889593
1503889632
1503889672
1503889712
1503889752
1503889792
1503889791
1503890112
1503890432
1503890752
1503891072
1503891192
1503891232
1503891273
1503891312
1503891352
1503891392
1503891391
1503891712
1503891732
1503891742
1503891752
1503891762
1503891772
1503891792
1503891832
1503891872
1503891912
1503891952
1503891992
1503892032
1503892032
1503892312
1503892352
1503892352
1503892433
1503892472
1503892512
1503892552
1503892592
1503892632
1503892672
1503892672
1503892992
1503893153
1503893193
1503893232
1503893272
1503893312
1503893312
1503893632
1503893953
1503894272
1503894592
1503894793
1503894833
1503894872
1503894912
1503894913
1503894972
1503894992
1503895032
1503895072
1503895112
1503895153
1503895193
1503895232
1503895232
1503895553
1503895712
1503895752
1503895793
1503895832
1503895873
1503895872
1503895902
1503895912
1503895922
1503895932
1503895952
1503895993
1503896032
1503896073
1503896112
1503896153
1503896192
1503896192
1503896202
1503896212
1503896223
1503896232
1503896243
1503896253
1503896272
1503896313
1503896353
1503896392
1503896432
1503896472
1503896512
1503896513
1503896832
1503897113
1503897152
1503897152
1503897192
1503897202
1503897212
1503897232
1503897272
1503897312
1503897353
1503897392
1503897432
1503897473
1503897472
1503897513
1503897523
1503897533
1503897553
1503897593
1503897632
1503897672
1503897752
1503897793
1503897793
1503897823
1503897833
1503897843
1503897853
1503897873
1503897913
1503897953
1503897993
1503898033
1503898073
1503898112
1503898113
1503898272
1503898312
1503898352
1503898392
1503898433
1503898432
1503898673
1503898713
1503898753
1503898753
1503899072
1503899232
1503899273
1503899313
1503899353
1503899392
1503899393
1503899433
1503899444
1503899453
1503899473
1503899513
1503899553
1503899593
1503899633
1503899673
1503899712
1503899713
1503900034
1503900352
1503900512
1503900552
1503900592
1503900632
1503900673
1503900672
1503900993
1503901114
1503901153
1503901193
1503901233
1503901273
1503901312
1503901313
1503901633
1503901663
1503901673
1503901684
1503901692
1503901713
1503901752
1503901792
1503901833
1503901873
1503901913
1503901952
1503901953
1503902273
1503902473
1503902513
1503902553
1503902593
1503902593
1503902853
1503902854
1503902973
1503902974
1503903089
1503903313
1503903633
1503903913
1503903953
1503903953
1503904113
1503904153
1503904193
1503904233
1503904273
1503904273
1503904353
1503904393
1503904433
1503904474
1503904513
1503904553
1503904593
1503904593
1503905313
1503905353
1503905393
1503905433
1503905473
1503905514
1503905553
1503905913
1503905954
1503905994
1503906034
1503906074
1503906113
1503906153
1503906193
1503906313
1503906353
1503906393
1503906434
1503906474
1503906513
1503906953
1503906993
1503907033
1503907073
1503907113
1503907154
1503907633
1503907673
1503907713
1503907753
1503907794
1503908034
1503908074
1503908114
1503908994
1503909034
1503909073
1503909993
1503910034
1503910354
1503912034
1503912074
1503912114
1503912154
1503912194
1503912234
1503912274
1503912554
1503912594
1503913034
1503913074
1503913114
1503913154
1503913194
1503913235
1503913555
1503913642
1503913644
1503913705
1503913706
1503913714
1503913755
1503913794
1503913835
1503913874
1503913915
1503913955
1503914915
1503915195
1503915234
1503915234
1503915875
1503916195
1503916314
1503916355
1503916394
1503916434
1503916475
1503916514
1503916515
1503916834
1503916914
1503916955
1503916995
1503917035
1503917075
1503917114
1503917155
1503917154
1503917314
1503917354
1503917395
1503917434
1503917475
1503917475
1503917555
1503917596
1503917635
1503917675
1503917714
1503917755
1503917794
1503917795
1503918116
1503918114
1503918394
1503918435
1503918435
1503918754
1503918754
1503919075
1503919235
1503919275
1503919314
1503919354
1503919395
1503919396
1503919714
1503919875
1503919915
1503919955
1503919995
1503920035
1503920035
1503920046
1503920055
1503920065
1503920075
1503920084
1503920095
1503920115
1503920155
1503920194
1503920234
1503920275
1503920315
1503920355
1503920355
1503920595
1503920635
1503920676
1503920675
1503920995
1503921195
1503921236
1503921275
1503921315
1503921315
1503921635
1503921835
1503921875
1503921915
1503921955
1503921955
1503921975
1503921985
1503921995
1503922005
1503922015
1503922035
1503922075
1503922115
1503922156
1503922195
1503922235
1503922275
1503922275
1503922475
1503922515
1503922555
1503922595
1503922595
1503922635
1503922646
1503922655
1503922675
1503922715
1503922755
1503922795
1503922836
1503922876
1503922915
1503922915
1503923235
1503923395
1503923435
1503923475
1503923515
1503923555
1503923555
1503923875
1503924155
1503924195
1503924196
1503924515
1503924836
1503925155
1503925476
1503925636
1503925675
1503925716
1503925756
1503925795
1503925795
1503926116
1503926125
1503926136
1503926145
1503926156
1503926166
1503926176
1503926196
1503926236
1503926276
1503926316
1503926355
1503926395
1503926435
1503926436
1503926756
1503926765
1503926776
1503926786
1503926796
1503926806
1503926815
1503926836
1503926876
1503926916
1503926955
1503926996
1503927035
1503927076
1503927075
1503927396
1503927675
1503927715
1503927716
1503928036
1503928150
1503928176
1503928177
1503928515
1503928289
1503928636
1503928676
1503928716
1503928756
1503928795
1503928836
1503928835
1503929095
1503929097
1503929188
1503929435
1503929676
1503929716
1503929756
1503929756
1503929956
1503929995
1503930035
1503930076
1503930076
1503930136
1503930157
1503930189
1503930216
1503930217
1503930355
1503930395
1503930435
1503930476
1503930516
1503930556
1503930389
1503930557
1503930875
1503931196
1503931475
1503931517
1503931515
1503931636
1503931676
1503931716
1503931756
1503931796
1503931836
1503931836
1503931846
1503931856
1503931866
1503931876
1503931886
1503931896
1503931916
1503931955
1503931996
1503932035
1503932076
1503932116
1503932156
1503932156
1503932476
1503932486
1503932496
1503932506
1503932516
1503932526
1503932536
1503932556
1503932596
1503932636
1503932676
1503932716
1503932756
1503932796
1503932797
1503932837
1503932846
1503932856
1503932876
1503932917
1503932956
1503932996
1503933036
1503933076
1503933117
1503933116
1503933356
1503933396
1503933436
1503933436
1503933596
1503933636
1503933676
1503933716
1503933756
1503933757
1503933916
1503933957
1503933996
1503934036
1503934076
1503934077
1503934126
1503934136
1503934156
1503934196
1503934236
1503934276
1503934316
1503934356
1503934393
1503934393
1503934636
1503934398
1503934602
1503934606
1503934606
1503934932
1503934956
1503934966
1503934976
1503934986
1503934996
1503935016
1503935056
1503935096
1503935136
1503935176
1503935217
1503935257
1503935256
1503935577
1503935897
1503936217
1503936537
1503936858
1503936977
1503937017
1503937057
1503937097
1503937137
1503937176
1503937176
1503937237
1503937257
1503937297
1503937337
1503937377
1503937417
1503937457
1503937497
1503937497
1503937817
1503937817
1503937937
1503937977
1503938017
1503938057
1503938097
1503938137
1503938136
1503938456
1503938457
1503938778
1503939098
1503939418
1503939738
1503939858
1503939898
1503939938
1503939978
1503940018
1503940058
1503940058
1503940378
1503940418
1503940428
1503940439
1503940459
1503940498
1503940539
1503940578
1503940619
1503940659
1503940699
1503940698
1503940858
1503940898
1503940939
1503940978
1503941019
1503941018
1503941339
1503941418
1503941458
1503941498
1503941539
1503941579
1503941619
1503941659
1503941658
1503941958
1503942258
1503942299
1503942459
1503942499
1503942539
1503942579
1503942618
1503942778
1503942818
1503942859
1503942899
1503942939
1503943779
1503943818
1503943858
1503943899
1503944220
1503944619
1503944658
1503944699
1503944739
1503944779
1503944819
1503944859
1503945019
1503945058
1503945099
1503945139
1503945178
1503945259
1503945299
1503945339
1503945379
1503945419
1503945459
1503945498
1503945860
1503945899
1503945939
1503945979
1503946019
1503946059
1503946099
1503946139
1503947420
1503947579
1503947619
1503947660
1503947699
1503947739
1503947939
1503947979
1503948019
1503948059
1503948180
1503948219
1503948259
1503948300
1503948340
1503948379
1503948700
1503949339
1503949660
1503950100
1503950121
1503950159
1503950160
1503950232
1503950500
1503950820
