1390826535
1390826536
1390826536
1390826536
1390826536
1390826536
1390826536
1390826536
1390826536
1390826536
1390826538
1390826538
1390826538
1390826538
1390826538
1390826538
1390826539
1390826539
1390826539
1390826543
1390826544
1390826544
1390826544
1390826544
1390826544
1390826544
1390826590
1390826591
1390826592
1390826593
1390826595
1390826596
1390826596
1390826596
1390826596
1390826596
1390826598
1390826598
1390826598
1390826598
1390826598
1390826599
1390826599
1390826599
1390826599
1390826599
1390826599
1390826599
1390826599
1390826599
1390826599
1390826599
1390826599
1390826599
1390826600
1390826600
1390826600
1390826600
1390826600
1390826601
1390826601
1390826602
1390826602
1390826603
1390826603
1390826603
1390826603
1390826603
1390826603
1390826604
1390826605
1390826605
1390826605
1390826607
1390826608
1390826608
1390826608
1390826608
1390826608
1390826610
1390826611
1390826611
1390826652
1390826653
1390826653
1390826653
1390826653
1390826655
1390826656
1390826656
1390826846
1390826847
1390826847
1390826847
1390826847
1390826847
1390826847
1390826847
1390826848
1390826870
1390826907
1390826907
1390826907
1390826907
1390826907
1390826907
1390826907
1390826908
1390826908
1390826909
1390826909
1390826909
1390826909
1390826909
1390826909
1390826912
1390826912
1390826914
1390826932
1390826934
1390827067
1390827068
1390827068
1390827068
1390827068
1390827068
1390827071
1390827128
1390827128
1390827129
1390827129
1390827129
1390827129
1390827129
1390827129
1390827131
1390827131
1390827131
1390827131
1390827133
1390827135
1390834124
1390834124
1390834126
1390834126
1390834126
1390834127
1390834127
1390834127
1390834128
1390834128
1390834128
1390834128
1390834132
1390834133
1390834133
1390834133
1390834133
1390834133
1390834133
1390834133
1390834134
1390834136
1390834137
1390834144
1390834145
1390834171
1390834172
1390834172
1390834172
1390834172
1390834174
1390834175
1390834175
1390834178
1390834179
1390834179
1390834179
1390834179
1390834179
1390834181
1390834182
1390834184
1390834191
1390834192
1390834306
1390834307
1390834307
1390834307
1390834307
1390834307
1390834307
1390834353
1390834354
1390834408
1390834410
1390834410
1390834410
1390834410
1390834410
1390834412
1390834412
1390834412
1390834412
1390834417
1390834417
1390834592
1390834592
1390834592
1390834592
1390834592
1390834651
1390834651
1390834652
1390834653
1390834653
1390834653
1390834653
1390834653
1390834653
1390834654
1390834654
1390834654
1390834658
1390834659
1390834659
1390834659
1390834659
1390834659
1390834659
1390834668
1390834668
1390834668
1390834668
1390834668
1390834668
1390834669
1390834669
1390834669
1390834670
1390834670
1390834670
1390834670
1390834671
1390834671
1390834671
1390834671
1390834675
1390834677
1390834677
1390834677
1390834677
1390834677
1390834677
1390834682
1390834683
1390834684
1390834698
1390834698
1390834699
1390834699
1390834699
1390834700
1390834700
1390834705
1390834705
1390834705
1390834705
1390834705
1390834705
1390834706
1390834708
1390834708
1390834708
1390834708
1390834708
1390834708
1390834708
1390834708
1390834708
1390834712
1390834713
1390834713
1390834713
1390834713
1390834713
1390834713
1390834730
1390834730
1390834730
1390834730
1390834730
1390834730
1390834730
1390834730
1390834730
1390834731
1390834732
1390834732
1390834732
1390834732
1390834732
1390834733
1390834733
1390834734
1390834734
1390834734
1390834734
1390834734
1390834735
1390834735
1390834735
1390834735
1390834735
1390834736
1390834736
1390834738
1390834738
1390834738
1390834738
1390834738
1390834738
1390834738
1390834739
1390834739
1390834739
1390834739
1390834740
1390834740
1390834740
1390834741
1390834741
1390834741
1390834741
1390834742
1390834743
1390834744
1390834745
1390834745
1390834745
1390834745
1390834745
1390834745
1390834745
1390834745
1390834745
1390834745
1390834746
1390834748
1390834752
1390834752
1390834753
1390834753
1390834753
1390834754
1390834755
1390834755
1390834759
1390834760
1390834804
1390834805
1390834805
1390834805
1390834805
1390834805
1390834805
1390834805
1390834806
1390834807
1390834808
1390834808
1390834808
1390834808
1390834809
1390834809
1390834935
1390834936
1390834936
1390834936
1390834936
1390834936
1390834936
1390834936
1390834938
1390834938
1390834938
1390834938
1390834938
1390834938
1390834938
1390834942
1390834943
1390834943
1390834990
1390834990
1390834991
1390834991
1390834991
1390834991
1390834992
1390834992
1390834992
1390834992
1390834992
1390834992
1390834997
1390834997
1390834998
1390834998
1390834998
1390835007
1390835008
1390835008
1390835008
1390835008
1390835009
1390835017
1390835018
1390835067
1390835067
1390835067
1390835067
1390835069
1390835069
1390835070
1390835070
1390835070
1390835070
1390835072
1390835072
1390835079
1390835082
1390835082
1390835083
1390835321
1390835322
1390835322
1390835322
1390835322
1390835322
1390835325
1390835325
1390835383
1390835383
1390835383
1390835386
1390835386
1390835386
1390835386
1390835386
1390835386
1390835387
1390835387
1390835387
1390835387
1390835387
1390835387
1390835389
1390835493
1390835498
1390835498
1390835498
1390835498
1390835498
1390835504
1390835504
1390835555
1390835557
1390835558
1390835558
1390835558
1390835562
1390835562
1390835562
1390835562
1390835562
1390835563
1390835564
1390835564
1390835565
1390835567
1390835567
1390835772
1390835772
1390835772
1390835772
1390835772
1390835773
1390835773
1390835773
1390835773
1390835779
1390835779
1390835796
1390835811
1390835811
1390835811
1390835811
1390835811
1390835811
1390835822
1390835828
1390835834
1390835835
1390835835
1390835836
1390835836
1390835836
1390835836
1390835836
1390835836
1390835836
1390835836
1390835837
1390835837
1390835837
1390835837
1390835838
1390835840
1390835840
1390835856
1390835857
1390835871
1390835871
1390835872
1390835872
1390835872
1390835872
1390835872
1390835872
1390835876
1390835878
1390835878
1390835878
1390835882
1390835887
1390835891
1390835892
1390835963
1390835963
1390835963
1390835963
1390835963
1390835963
1390835963
1390835963
1390836022
1390836025
1390836028
1390836028
1390836028
1390836028
1390836028
1390836028
1390836028
1390836028
1390836029
1390836029
1390836029
1390836029
1390836029
1390836029
1390836727
1390836727
1390836728
1390836728
1390836728
1390836728
1390836729
1390836729
1390836730
1390836730
1390836730
1390836731
1390836731
1390836731
1390836731
1390836735
1390836736
1390836736
1390836736
1390836736
1390836736
1390836736
1390836736
1390836737
1390836739
1390836740
1390836746
1390836748
1390836909
1390836910
1390836910
1390836911
1390836911
1390836911
1390836911
1390837254
1390837254
1390837255
1390837255
1390837255
1390837255
1390837255
1390837255
1390837256
1390837256
1390837256
1390837256
1390837256
1390837256
1390837257
1390837257
1390837257
1390837260
1390837261
1390837261
1390837261
1390837261
1390837261
1390837262
1390837308
1390837308
1390837309
1390837309
1390837309
1390837309
1390837309
1390837310
1390837310
1390837310
1390837310
1390837310
1390837311
1390837311
1390837311
1390837312
1390837315
1390837316
1390837316
1390837316
1390837316
1390837316
1390837317
1390837858
1390837961
1390837963
1390837963
1390837963
1390837963
1390837963
1390837963
1390838009
1390838009
1390838009
1390838091
1390838091
1390838091
1390838091
1390838091
1390838092
1390838092
1390838092
1390838093
1390838093
1390838093
1390838093
1390838093
1390838093
1390838094
1390838100
1390838100
1390838100
1390838100
1390838100
1390838100
1390838100
1390838107
1390838108
1390838246
1390838247
1390838247
1390838247
1390838357
1390838422
1390838424
1390838839
1390838841
1390838845
1390838845
1390838901
1390838902
1390838903
1390838904
1390838906
1390838906
1390838906
1390838908
1390839004
1390839006
1390839006
1390839006
1390839006
1390839006
1390839006
1390839066
1390839066
1390839067
1390839067
1390839067
1390839067
1390839067
1390839067
1390839067
1390839067
1390839069
1390839069
1390839069
1390839069
1390839358
1390839368
1390839405
1390839414
1390839518
1390839519
1390839519
1390839519
1390839521
1390839521
1390839565
1390839566
1390839804
1390839804
1390839805
1390839805
1390840176
1390840236
1390840410
1390840410
1390840411
1390840411
1390840411
1390840411
1390840411
1390840411
1390840412
1390840412
1390840412
1390840412
1390840412
1390840412
1390840413
1390840413
1390840416
1390840418
1390840418
1390840418
1390840419
1390840419
1390840419
1390840419
1390840419
1390840419
1390840427
1390840427
1390840470
1390840470
1390840471
1390840472
1390840472
1390840472
1390840472
1390840472
1390840472
1390840473
1390840474
1390840476
1390840476
1390840477
1390840477
1390840477
1390840477
1390840478
1390840479
1390840480
1390840481
1390840481
1390840481
1390840481
1390840481
1390840481
1390840482
1390840483
1390840483
1390840483
1390840487
1390840487
1390840565
1390840566
1390840566
1390840566
1390840566
1390840566
1390840567
1390841961
1390841971
1390842121
1390842122
1390842122
1390842122
1390842123
1390842123
1390842959
1390843005
1390843761
1390843823
1390843826
1390845562
1390846559
1390846844
1390847364
1390847426
1390847428
1390849162
1390850963
1390851024
1390851026
1390903408
1390903413
1390903413
1390903413
1390903485
1390903487
1390903487
1390903487
1390903487
1390903532
1390903533
1390903533
1390903569
1390903573
1390903573
1390903574
1390903574
1390903771
1390903771
1390904424
1390904471
1390905082
1390905141
1390905145
1390905170
1390905217
1390905219
1390905220
1390905220
1390905220
1390905220
1390905220
1390905245
1390905281
1390905281
1390905281
1390905281
1390905281
1390905282
1390905282
1390905282
1390905282
1390905284
1390905284
1390905284
1390905307
1390905308
1390905355
1390905355
1390905355
1390905355
1390905355
1390905355
1390905355
1390905362
1390905362
1390905371
1390905401
1390905401
1390905401
1390905401
1390905402
1390905402
1390905402
1390905402
1390905402
1390905402
1390905402
1390905408
1390905418
1390905461
1390905461
1390905461
1390905461
1390905462
1390905462
1390905462
1390905464
1390905464
1390905464
1390905466
1390905466
1390905472
1390905474
1390905536
1390905536
1390905536
1390905536
1390905536
1390905539
1390905544
1390905544
1390905596
1390905596
1390905596
1390905596
1390905596
1390905598
1390905599
1390905599
1390905601
1390905601
1390905601
1390905605
1390905606
1390905608
1390905608
1390905611
1390905640
1390905640
1390905647
1390905647
1390905729
1390905733
1390905733
1390905733
1390905733
1390905733
1390905789
1390905794
1390905796
1390905797
1390905797
1390905797
1390905797
1390905798
1390905890
1390905894
1390905894
1390905894
1390905894
1390905895
1390905952
1390905957
1390905957
1390905957
1390905957
1390905958
1390905961
1390906091
1390906093
1390906093
1390906093
1390906093
1390907031
1390907776
1390907928
1390907929
1390907929
1390907930
1390907930
1390907932
1390907932
1390907932
1390907932
1390907932
1390907932
1390907932
1390907932
1390907932
1390907937
1390907937
1390907937
1390907937
1390907938
1390907938
1390907938
1390907960
1390907960
1390907960
1390907960
1390907961
1390907961
1390907961
1390907967
1390907968
1390907974
1390907975
1390907976
1390907976
1390907976
1390907977
1390907977
1390907977
1390907978
1390907978
1390907978
1390907978
1390907978
1390907979
1390907979
1390907983
1390907984
1390907984
1390907984
1390908016
1390908131
1390908135
1390908135
1390908135
1390908136
1390908136
1390908191
1390908192
1390908195
1390908196
1390908196
1390908196
1390908196
1390908196
1390908198
1390908198
1390908198
1390908198
1390908214
1390908214
1390908214
1390908215
1390908215
1390908217
1390908217
1390908222
1390908222
1390908222
1390908301
1390908829
1390908860
1390908889
1390908892
1390908922
1390908922
1390909007
1390909007
1390909007
1390909007
1390909007
1390909007
1390909008
1390909016
1390909016
1390909022
1390909066
1390909067
1390909067
1390909067
1390909067
1390909067
1390909067
1390909071
1390909071
1390909071
1390909072
1390909072
1390909072
1390909075
1390909077
1390909078
1390909078
1390909080
1390909082
1390909084
1390909248
1390909248
1390909248
1390909249
1390909249
1390909251
1390909255
1390909258
1390909309
1390909309
1390909310
1390909311
1390909311
1390909312
1390909312
1390909312
1390909312
1390909312
1390909314
1390909314
1390909317
1390909320
1390909321
1390909321
1390909338
1390909343
1390909343
1390909343
1390909343
1390909343
1390909401
1390909402
1390909406
1390909406
1390909406
1390909406
1390909406
1390909406
1390909406
1390909408
1390909410
1390909410
1390910534
1390910535
1390910535
1390910535
1390910536
1390910536
1390910536
1390910536
1390910537
1390910537
1390910537
1390910537
1390910537
1390910537
1390910538
1390910538
1390910539
1390910542
1390910543
1390910543
1390910543
1390910543
1390910543
1390910543
1390910621
1390911623
1390911623
1390911624
1390911625
1390911626
1390911626
1390911626
1390911626
1390911626
1390911626
1390911627
1390911627
1390911627
1390911631
1390911633
1390911633
1390911633
1390911633
1390911633
1390911633
1390911639
1390911640
1390911640
1390911670
1390911671
1390911671
1390911671
1390911671
1390911673
1390911673
1390911673
1390911673
1390911673
1390911674
1390911680
1390911713
1390911717
1390911717
1390911717
1390911717
1390911717
1390911717
1390911760
1390911764
1390911764
1390911764
1390911764
1390911764
1390911908
1390911909
1390911909
1390911910
1390911910
1390911911
1390911911
1390911911
1390911916
1390911918
1390911918
1390911918
1390911918
1390911918
1390911924
1390911925
1390911925
1390912002
1390912361
1390912361
1390912362
1390912364
1390912364
1390912364
1390912364
1390912364
1390912364
1390912364
1390912365
1390912365
1390912368
1390912369
1390912369
1390912369
1390912370
1390912370
1390912409
1390912409
1390912411
1390912411
1390912411
1390912411
1390912411
1390912411
1390912416
1390912416
1390912416
1390912453
1390912512
1390912514
1390912591
1390912592
1390912592
1390912594
1390912594
1390912594
1390912594
1390912594
1390912594
1390912594
1390912594
1390912594
1390912598
1390912599
1390912599
1390912599
1390912599
1390912599
1390912599
1390912638
1390912638
1390912639
1390912640
1390912640
1390912640
1390912641
1390912641
1390912641
1390912645
1390912646
1390912646
1390912646
1390912646
1390912647
1390912647
1390912647
1390912648
1390912648
1390912649
1390912649
1390912650
1390912653
1390912654
1390912654
1390912876
1390912876
1390912877
1390912877
1390912877
1390912877
1390912877
1390912877
1390912877
1390912878
1390912878
1390912878
1390912878
1390912878
1390912880
1390912880
1390912884
1390912884
1390912884
1390912884
1390912937
1390912938
1390912938
1390912941
1390912941
1390912941
1390912941
1390912942
1390912942
1390912944
1390913082
1390913084
1390913084
1390913084
1390913084
1390913084
1390913084
1390913084
1390913085
1390913085
1390913098
1390913141
1390913145
1390913146
1390913146
1390913146
1390913146
1390913146
1390913146
1390913146
1390913146
1390913147
1390913147
1390913147
1390913147
1390913147
1390913147
1390913147
1390913147
1390913147
1390913147
1390913156
1390913156
1390913160
1390913160
1390913160
1390913161
1390913161
1390913161
1390913216
1390913217
1390913220
1390913221
1390913221
1390913221
1390913222
1390913222
1390913222
1390913222
1390913223
1390913223
1390913425
1390913496
1390913498
1390913498
1390913500
1390913542
1390913545
1390913710
1390913783
1390913785
1390914229
1390914229
1390914231
1390914231
1390914231
1390914231
1390914232
1390914233
1390914233
1390914233
1390914233
1390914233
1390914233
1390914233
1390914233
1390914234
1390914238
1390914239
1390914239
1390914239
1390914239
1390914240
1390914240
1390914245
1390914246
1390914247
1390914319
1390914323
1390914323
1390914323
1390914323
1390914323
1390914323
1390914967
1390914967
1390914968
1390914968
1390914968
1390914968
1390914969
1390914969
1390914969
1390914969
1390914970
1390914970
1390914970
1390914970
1390914971
1390914974
1390914975
1390914975
1390914975
1390914975
1390914975
1390915197
1390915197
1390915197
1390915198
1390915198
1390915198
1390915198
1390915199
1390915199
1390915199
1390915199
1390915199
1390915199
1390915200
1390915200
1390915200
1390915204
1390915205
1390915205
1390915205
1390915205
1390915205
1390915205
1390915716
1390915716
1390915716
1390915717
1390915717
1390915717
1390915722
1390915722
1390915769
1390915849
1390915849
1390915849
1390915905
1390915909
1390915909
1390915909
1390915909
1390915909
1390915952
1390915956
1390916001
1390916001
1390916001
1390916001
1390916001
1390916002
1390916007
1390916031
1390916102
1390916104
1390916104
1390916106
1390916194
1390916194
1390916194
1390916194
1390916235
1390916240
1390916240
1390916240
1390916240
1390916240
1390916241
1390916241
1390916296
1390916298
1390916301
1390916301
1390916301
1390916301
1390916301
1390916302
1390916302
1390916302
1390916302
1390916303
1390916304
1390916304
1390916304
1390916309
1390917032
1390917049
1390917096
1390917307
1390917307
1390917307
1390917317
1390917353
1390917353
1390917397
1390917397
1390917397
1390917397
1390917397
1390917397
1390917397
1390917404
1390917408
1390917443
1390917443
1390917443
1390917444
1390917444
1390917444
1390917591
1390917682
1390917689
1390917693
1390917839
1390917902
1390917903
1390917910
1390917973
1390917974
1390918170
1390918170
1390918170
1390918170
1390918170
1390918171
1390918181
1390918185
1390918185
1390918230
1390918231
1390918231
1390918233
1390918233
1390918233
1390918233
1390918233
1390918233
1390918242
1390918244
1390918245
1390918248
1390918248
1390918249
1390918322
1390918322
1390918322
1390918323
1390918323
1390918323
1390918328
1390918328
1390918511
1390918515
1390918515
1390918515
1390918515
1390918516
1390919638
1390919655
1390919912
1390919912
1390919912
1390919918
1390920003
1390920003
1390920003
1390920003
1390920003
1390920003
1390920003
1390920009
1390920014
1390920282
1390920283
1390920283
1390920283
1390920283
1390920283
1390920343
1390920343
1390920343
1390920343
1390920343
1390920343
1390920343
1390920343
1390920343
1390920343
1390920343
1390920346
1390920460
1390920460
1390920461
1390920461
1390920462
1390920462
1390920462
1390920463
1390920463
1390920463
1390920463
1390920463
1390920463
1390920464
1390920464
1390920465
1390920468
1390920469
1390920469
1390920469
1390920469
1390920469
1390920470
1390920518
1390920520
1390920521
1390920521
1390920522
1390920522
1390920522
1390920522
1390920522
1390920522
1390920522
1390920522
1390920523
1390920523
1390920523
1390920525
1390920525
1390920525
1390920526
1390920526
1390920526
1390920526
1390920527
1390920527
1390920527
1390920527
1390920527
1390920528
1390920528
1390920528
1390920528
1390920529
1390920530
1390920531
1390920531
1390920531
1390920531
1390920532
1390920532
1390920532
1390920533
1390920533
1390920533
1390920533
1390920533
1390920535
1390920603
1390920605
1390920605
1390920605
1390920605
1390920605
1390920605
1390920607
1390920607
1390920607
1390920607
1390920607
1390920608
1390920631
1390920664
1390920664
1390920665
1390920666
1390920666
1390920666
1390920666
1390920666
1390920666
1390920666
1390920667
1390920667
1390920667
1390920667
1390920667
1390920667
1390920667
1390920667
1390920667
1390920668
1390920668
1390920668
1390920671
1390920671
1390920671
1390920672
1390920678
1390920983
1390921268
1390921273
1390921274
1390921274
1390921274
1390921274
1390921274
1390921319
1390921321
1390921321
1390921424
1390921424
1390921425
1390921425
1390921425
1390921425
1390921426
1390921426
1390921428
1390921428
1390921428
1390921428
1390921428
1390921429
1390921429
1390921432
1390921432
1390921433
1390921433
1390921433
1390921433
1390921434
1390921438
1390921466
1390921467
1390921468
1390921469
1390921484
1390921484
1390921485
1390921486
1390921486
1390921486
1390921486
1390921486
1390921486
1390921486
1390921486
1390921486
1390921487
1390921487
1390921487
1390921487
1390921487
1390921488
1390921488
1390921488
1390921489
1390921489
1390921489
1390921489
1390921490
1390921490
1390921491
1390921492
1390921492
1390921492
1390921492
1390921492
1390921493
1390921493
1390921493
1390921493
1390921495
1390921495
1390921496
1390921497
1390921498
1390921498
1390921498
1390921498
1390921524
1390921526
1390921527
1390921528
1390921531
1390921531
1390921532
1390921533
1390921559
1390921559
1390921559
1390921663
1390921664
1390921664
1390921664
1390921664
1390921664
1390921665
1390921665
1390921665
1390921727
1390921727
1390921727
1390921727
1390921727
1390921727
1390921728
1390921728
1390921728
1390921728
1390921728
1390921728
1390921728
1390921728
1390921728
1390921729
1390921734
1390921734
1390923238
1390923589
1390923840
1390923842
1390923866
1390923879
1390923880
1390923880
1390923880
1390923881
1390923881
1390924121
1390924127
1390924151
1390924182
1390924184
1390924184
1390924184
1390924184
1390924184
1390924214
1390924230
1390924230
1390924261
1390924467
1390924468
1390924468
1390924468
1390924724
1390924770
1390924930
1390924930
1390924930
1390924930
1390924930
1390924930
1390924930
1390924937
1390924937
1390924976
1390924976
1390924976
1390924977
1390924977
1390925043
1390925103
1390925109
1390925116
1390925118
1390925118
1390925118
1390925118
1390925118
1390925163
1390925164
1390925164
1390925164
1390925164
1390925215
1390925215
1390925222
1390925222
1390925403
1390925562
1390925623
1390925624
1390925796
1390925796
1390925796
1390925796
1390925796
1390925797
1390925797
1390925805
1390925805
1390925856
1390925857
1390925857
1390925858
1390925858
1390925858
1390925858
1390925858
1390925859
1390925859
1390925859
1390925859
1390925859
1390925859
1390925865
1390925867
1390925868
1390925869
1390925995
1390925995
1390925995
1390925997
1390925997
1390925997
1390925997
1390926009
1390926015
1390926054
1390926057
1390926057
1390926057
1390926057
1390926057
1390926057
1390926058
1390926058
1390926058
1390926059
1390926059
1390926062
1390926065
1390926073
1390926074
1390926078
1390926080
1390926152
1390926152
1390926152
1390926152
1390926152
1390926152
1390926152
1390926158
1390926161
1390926164
1390926213
1390926214
1390926214
1390926214
1390926214
1390926214
1390926214
1390926214
1390926214
1390926215
1390926215
1390926215
1390926215
1390926217
1390926220
1390926223
1390926223
1390926229
1390926442
1390926442
1390926442
1390926443
1390926443
1390926443
1390926443
1390926449
1390926453
1390926453
1390926473
1390926503
1390926503
1390926504
1390926504
1390926504
1390926504
1390926504
1390926506
1390926506
1390926506
1390926506
1390926506
1390926507
1390926508
1390926512
1390926512
1390926513
1390926515
1390926789
1390926790
1390926790
1390926790
1390926791
1390926791
1390926821
1390927330
1390927536
1390927536
1390927536
1390927536
1390927536
1390927536
1390927537
1390927544
1390927544
1390927723
1390927724
1390927724
1390927724
1390927724
1390927724
1390928009
1390928013
1390928013
1390928013
1390928014
1390928014
1390928056
1390928060
1390928060
1390928061
1390928131
1390928188
1390928298
1390928299
1390928639
1390928640
1390928640
1390928640
1390928641
1390928641
1390928641
1390928641
1390928641
1390928642
1390928642
1390928642
1390928642
1390928642
1390928642
1390928642
1390928642
1390928646
1390928647
1390928647
1390928647
1390928647
1390928647
1390928647
1390928650
1390928651
1390928652
1390928699
1390928699
1390928700
1390928700
1390928700
1390928700
1390928701
1390928701
1390928702
1390928703
1390928703
1390928703
1390928703
1390928703
1390928703
1390928703
1390928703
1390928703
1390928703
1390928703
1390928703
1390928704
1390928704
1390928704
1390928704
1390928704
1390928704
1390928704
1390928704
1390928704
1390928704
1390928704
1390928706
1390928707
1390928707
1390928707
1390928709
1390928709
1390928709
1390928709
1390928709
1390928710
1390928710
1390928711
1390928711
1390928712
1390928712
1390928712
1390928712
1390928713
1390928714
1390928714
1390928714
1390928714
1390928751
1390928751
1390928751
1390928751
1390928751
1390928752
1390928752
1390928752
1390928766
1390928767
1390928773
1390928813
1390928813
1390928813
1390928813
1390928813
1390928813
1390928813
1390928813
1390928814
1390928814
1390928814
1390928814
1390928814
1390928815
1390928815
1390928816
1390928825
1390928829
1390928830
1390928830
1390928834
1390928835
1390928874
1390928878
1390928878
1390928878
1390928880
1390928934
1390928938
1390928938
1390928938
1390928940
1390928943
1390928943
1390928944
1390928944
1390928946
1390930452
1390930510
1390930514
1390930574
1390930615
1390930619
1390930619
1390930619
1390930621
1390930621
1391075394
1391075398
1391075474
1391075476
1391075476
1391075476
1391075476
1391075476
1391075476
1391075476
1391075510
1391075511
1391075512
1391075523
1391075523
1391075523
1391075524
1391075530
1391075577
1391075578
1391075579
1391075579
1391075579
1391075579
1391075579
1391075579
1391075623
1391075625
1391075625
1391075638
1391075638
1391075639
1391075639
1391075648
1391075648
1391075741
1391075742
1391075743
1391075743
1391075744
1391075744
1391075744
1391075760
1391075761
1391075762
1391075787
1391075790
1391075793
1391075801
1391075802
1391075803
1391075803
1391075803
1391075803
1391075848
1391075849
1391075849
1391075864
1391075865
1391075865
1391075866
1391075868
1391076028
1391076030
1391076030
1391076033
1391076088
1391076088
1391076088
1391076564
1391076564
1391076566
1391076566
1391076566
1391076568
1391076568
1391076568
1391076568
1391076568
1391076568
1391076568
1391076572
1391076575
1391076575
1391076575
1391076575
1391076575
1391076575
1391076612
1391076612
1391076612
1391076613
1391076614
1391076614
1391076614
1391076615
1391076615
1391076615
1391076618
1391076621
1391076621
1391076850
1391076850
1391076851
1391076851
1391076851
1391076852
1391076852
1391076854
1391076860
1391076860
1391076860
1391076860
1391077030
1391077042
1391077045
1391077073
1391077074
1391077075
1391077076
1391077077
1391077091
1391077121
1391077160
1391077161
1391077161
1391077161
1391077161
1391077161
1391077208
1391077208
1391077208
1391077208
1391077329
1391077359
1391077361
1391077362
1391077446
1391077447
1391077491
1391077492
1391077492
1391077493
1391077493
1391077494
1391077494
1391077494
1391077495
1391077495
1391077495
1391077495
1391077495
1391077495
1391077496
1391077496
1391077499
1391077500
1391077500
1391077500
1391077500
1391077500
1391077500
1391077509
1391077509
1391077509
1391077526
1391077526
1391077526
1391077529
1391077532
1391077535
1391077536
1391077538
1391077539
1391077540
1391077551
1391077551
1391077552
1391077552
1391077552
1391077553
1391077554
1391077554
1391077554
1391077554
1391077554
1391077554
1391077555
1391077555
1391077556
1391077556
1391077556
1391077557
1391077557
1391077557
1391077557
1391077557
1391077558
1391077558
1391077559
1391077559
1391077559
1391077559
1391077559
1391077559
1391077560
1391077560
1391077560
1391077560
1391077560
1391077562
1391077563
1391077564
1391077564
1391077564
1391077564
1391077564
1391077564
1391077564
1391077564
1391077564
1391077570
1391077570
1391077570
1391077571
1391077571
1391077573
1391077585
1391077585
1391077585
1391077587
1391077587
1391077589
1391077589
1391077591
1391077594
1391077595
1391077596
1391077596
1391077597
1391077599
1391077599
1391077599
1391077600
1391077603
1391077604
1391077605
1391077688
1391077688
1391077688
1391077688
1391077688
1391077694
1391077694
1391077720
1391077725
1391077748
1391077749
1391077750
1391077750
1391077750
1391077750
1391077752
1391077753
1391077754
1391077754
1391077754
1391077757
1391077757
1391077758
1391077780
1391077785
1391077836
1391077837
1391077837
1391077837
1391077837
1391077838
1391077843
1391077898
1391077899
1391077899
1391077899
1391077900
1391077900
1391077900
1391077901
1391077904
1391077963
1391077964
1391077964
1391077964
1391077964
1391077964
1391077964
1391077964
1391077974
1391077974
1391078022
1391078024
1391078024
1391078024
1391078024
1391078024
1391078024
1391078025
1391078025
1391078025
1391078026
1391078034
1391078036
1391078040
1391078087
1391078087
1391078087
1391078088
1391078088
1391078088
1391078088
1391078089
1391078089
1391078189
1391078191
1391078191
1391078191
1391078191
1391078191
1391078191
1391078192
1391078214
1391078353
1391078354
1391078356
1391078356
1391078356
1391078356
1391078356
1391078374
1391078381
1391078399
1391078413
1391078414
1391078415
1391078415
1391078415
1391078415
1391078420
1391078420
1391079176
1391079176
1391079178
1391079178
1391079178
1391079178
1391079178
1391079178
1391079180
1391079180
1391079180
1391079181
1391079181
1391079181
1391079181
1391079184
1391079187
1391079187
1391079187
1391079187
1391079187
1391079187
1391079498
1391079498
1391079498
1391079498
1391079642
1391079655
1391079657
1391079685
1391079687
1391079688
1391079688
1391079772
1391079773
1391079773
1391079773
1391079774
1391079774
1391079779
1391080639
1391080873
1391080920
1391080925
1391081016
1391081017
1391081017
1391081017
1391081017
1391081017
1391081063
1391081064
1391081064
1391081064
1391081304
1391081304
1391081456
1391081515
1391081521
1391081767
1391081823
1391081824
1391081824
1391081824
1391081824
1391081824
1391081830
1391081831
1391081883
1391081884
1391081884
1391081884
1391081884
1391081885
1391081885
1391081885
1391083252
1391083486
1391083629
1391083630
1391083630
1391083630
1391083630
1391083630
1391084239
1391084286
1391084480
1391084527
1391084528
1391084529
1391084529
1391084529
1391084529
1391084575
1391084575
1391084575
1391084766
1391084813
1391084815
1391084815
1391085057
1391085058
1391085059
1391085059
1391085061
1391085061
1391085061
1391085061
1391085061
1391085062
1391085062
1391085062
1391085062
1391085062
1391085062
1391085067
1391085067
1391085067
1391085067
1391085067
1391085067
1391085067
1391085105
1391085105
1391085106
1391085107
1391085108
1391085108
1391085108
1391085109
1391085114
1391085114
1391085114
1391085114
1391085121
1391085124
1391085344
1391085344
1391085345
1391085345
1391085347
1391085347
1391085347
1391085347
1391085348
1391085348
1391085348
1391085348
1391085354
1391085354
1391085354
1391085422
1391085487
1391085488
1391085498
1391085499
1391085499
1391085499
1391085499
1391085499
1391085505
1391085505
1391085557
1391085559
1391085560
1391085560
1391085561
1391085561
1391085561
1391085561
1391085561
1391085561
1391085561
1391085566
1391086852
1391087092
1391087139
1391087140
1391087141
1391087141
1391087141
1391087141
1391087670
1391087671
1391087671
1391087671
1391087672
1391087673
1391087673
1391087673
1391087674
1391087674
1391087674
1391087674
1391087674
1391087674
1391087675
1391087675
1391087675
1391087680
1391087680
1391087680
1391087681
1391087681
1391087681
1391087681
1391087848
1391087894
1391088331
1391088403
1391088404
1391088404
1391088404
1391088404
1391088404
1391088451
1391088451
1391088617
1391088657
1391088689
1391088691
1391088691
1391088691
1391088720
1391088722
1391088730
1391088739
1391088742
1391088745
1391088747
1391088747
1391088749
1391088792
1391088793
1391088799
1391088802
1391088802
1391088805
1391088806
1391088808
1391088808
1391088808
1391088809
1391088810
1391088811
1391088812
1391088873
1391088874
1391088874
1391088874
1391088874
1391088934
1391088935
1391088935
1391088935
1391088935
1391088936
1391088936
1391088936
1391088937
1391088941
1391089640
1391089686
1391090460
1391090944
1391091015
1391091016
1391091016
1391091017
1391091017
1391091017
1391091901
1391091902
1391091902
1391091902
1391092253
1391093188
1391093249
1391093250
1391093252
1391093298
1391093319
1391093322
1391093323
1391093323
1391093323
1391093323
1391093323
1391093366
1391093383
1391093383
1391093384
1391093384
1391093384
1391093385
1391093386
1391093388
1391093388
1391093388
1391093388
1391093389
1391093401
1391093402
1391093402
1391093402
1391093402
1391093402
1391093449
1391093449
1391093687
1391093688
1391093688
1391093688
1391094046
1391094108
1391094109
1391094117
1391094177
1391094179
1391094227
1391094228
1391094229
1391094229
1391094229
1391094229
1391094234
1391094234
1391094287
1391094287
1391094288
1391094288
1391094288
1391094288
1391094289
1391094293
1391095864
1391095931
1391096014
1391096015
1391096015
1391096015
1391096015
1391096016
1391096851
1391097137
1391097411
1391097444
1391097445
1391097445
1391097445
1391097445
1391097445
1391097457
1391097491
1391097491
1391097491
1391097659
1391097718
1391097719
1391097730
1391097731
1391097731
1391097855
1391097917
1391097919
1391098019
1391098020
1391098020
1391098020
1391098020
1391098020
1391098079
1391098079
1391098079
1391098079
1391098080
1391098081
1391098081
1391098081
1391098082
1391098083
1391098083
1391098084
1391099464
1391100024
1391100057
1391100058
1391100058
1391100058
1391100059
1391100059
1391100063
1391100063
1391100440
1391100726
1391101257
1391101318
1391101319
1391103053
1391104853
1391104915
1391104915
1391105839
1391106125
1391106652
1391106715
1391106716
1391108452
1391161743
1391161743
1391161746
1391161747
1391161747
1391161748
1391161748
1391161748
1391161749
1391161749
1391161749
1391161749
1391161749
1391161753
1391161756
1391161756
1391161756
1391161756
1391161756
1391161789
1391161792
1391161793
1391161793
1391161795
1391161795
1391161795
1391161795
1391161795
1391161795
1391161803
1391161803
1391161810
1391161855
1391161855
1391161855
1391161871
1391161871
1391161871
1391161878
1391161887
1391161889
1391161890
1391161890
1391161901
1391161901
1391161902
1391161918
1391161934
1391161935
1391161998
1391162000
1391162000
1391162000
1391162000
1391162000
1391162030
1391162033
1391162033
1391162033
1391162034
1391162034
1391162034
1391162035
1391162036
1391162040
1391162043
1391162043
1391162043
1391162045
1391162046
1391162046
1391162046
1391162097
1391162158
1391162158
1391162165
1391162176
1391162177
1391162286
1391162286
1391162354
1391162362
1391162362
1391162363
1391162366
1391162366
1391162366
1391162366
1391162366
1391162366
1391162366
1391162366
1391162367
1391162369
1391162369
1391162369
1391162369
1391162369
1391162371
1391162371
1391162371
1391162372
1391162408
1391162408
1391162409
1391162411
1391162412
1391162413
1391162416
1391162416
1391162416
1391162416
1391162418
1391162482
1391162546
1391162548
1391162623
1391162624
1391162624
1391162624
1391162624
1391162624
1391162630
1391162640
1391162650
1391162650
1391162652
1391162652
1391162652
1391162652
1391162652
1391162652
1391162652
1391162652
1391162652
1391162652
1391162653
1391162653
1391162656
1391162658
1391162658
1391162658
1391162684
1391162684
1391162684
1391162685
1391162686
1391162686
1391162686
1391162686
1391162687
1391162689
1391162690
1391162692
1391162746
1391162746
1391162748
1391162748
1391162749
1391162749
1391162806
1391162808
1391162808
1391162809
1391162810
1391162810
1391162810
1391162811
1391162811
1391162811
1391162812
1391162816
1391162934
1391162936
1391162936
1391162936
1391162936
1391162942
1391162943
1391162995
1391162996
1391162996
1391162997
1391163000
1391163000
1391163000
1391163002
1391163003
1391163003
1391163003
1391163004
1391163005
1391163006
1391163017
1391163018
1391163018
1391163018
1391163018
1391163019
1391163076
1391163077
1391163079
1391163080
1391163080
1391163080
1391163081
1391163081
1391163081
1391163082
1391163082
1391163084
1391163171
1391163172
1391163172
1391163173
1391163173
1391163173
1391163228
1391163231
1391163236
1391163236
1391163236
1391163236
1391163236
1391163236
1391163237
1391163237
1391163239
1391163239
1391163239
1391163291
1391163294
1391163367
1391163368
1391163368
1391163368
1391163369
1391163369
1391163429
1391163429
1391163429
1391163430
1391163430
1391163430
1391163430
1391163430
1391163431
1391163432
1391163432
1391163433
1391164358
1391164358
1391164361
1391164361
1391164361
1391164362
1391164362
1391164362
1391164363
1391164363
1391164363
1391164363
1391164364
1391164364
1391164365
1391164365
1391164368
1391164371
1391164371
1391164371
1391164371
1391164371
1391164425
1391164470
1391164470
1391164471
1391164486
1391164487
1391164487
1391164493
1391164503
1391164505
1391164505
1391164505
1391164614
1391164615
1391164615
1391164615
1391164616
1391164616
1391164969
1391164977
1391164977
1391164978
1391164978
1391164980
1391164980
1391164981
1391164981
1391164981
1391164981
1391164981
1391164981
1391164981
1391164982
1391164982
1391164982
1391164985
1391164985
1391164985
1391164985
1391164985
1391164987
1391164987
1391164987
1391164987
1391165531
1391165613
1391165615
1391165615
1391165615
1391165661
1391165818
1391165900
1391165901
1391165901
1391166240
1391166304
1391166305
1391167243
1391167396
1391167407
1391167410
1391167432
1391167433
1391167434
1391167434
1391167466
1391167468
1391167471
1391167471
1391167491
1391167494
1391167494
1391167495
1391167496
1391167496
1391167496
1391167496
1391167530
1391167603
1391167604
1391167604
1391167604
1391167605
1391167605
1391167663
1391167663
1391167664
1391167664
1391167664
1391167665
1391167665
1391167665
1391167666
1391167666
1391167668
1391167669
1391167683
1391168031
1391168096
1391168098
1391168146
1391168229
1391168230
1391168231
1391168231
1391169859
1391170012
1391170182
1391170184
1391170184
1391170184
1391170184
1391170184
1391170245
1391170246
1391170246
1391170246
1391170246
1391170247
1391170247
1391170247
1391170247
1391170247
1391170247
1391170249
1391170827
1391170873
1391171643
1391171707
1391171707
1391173442
1391174425
1391174472
1391174811
1391174872
1391174873
1391174943
1391174944
1391174945
1391174945
1391174945
1391174945
1391174977
1391175003
1391175003
1391175005
1391175006
1391175006
1391175006
1391175006
1391175007
1391175007
1391175007
1391175007
1391175009
1391175078
1391175079
1391175080
1391175080
1391175080
1391175080
1391175094
1391175096
1391175096
1391175096
1391175096
1391175096
1391175126
1391175126
1391175156
1391175156
1391175157
1391175157
1391175157
1391175158
1391175159
1391175159
1391175159
1391175162
1391175163
1391175163
1391175227
1391175239
1391175264
1391175290
1391175292
1391175299
1391175302
1391175310
1391175311
1391175311
1391175311
1391175311
1391175311
1391175365
1391175366
1391175366
1391175366
1391175371
1391175371
1391175371
1391175371
1391175372
1391175372
1391175373
1391175373
1391175375
1391175375
1391175375
1391175375
1391177041
1391177592
1391177694
1391177695
1391177696
1391177696
1391177696
1391177696
1391178045
1391178332
1391178848
1391178907
1391178910
1391180661
1391182457
1391182518
1391182519
1391182634
1391182680
1391182720
1391182721
1391182722
1391182722
1391182722
1391182722
1391182768
1391182768
1391182768
1391182768
1391183007
1391183008
1391183421
1391183444
1391183467
1391183504
1391183506
1391183518
1391183519
1391183519
1391183519
1391183519
1391183579
1391183579
1391183583
1391183584
1391183586
1391183586
1391183586
1391183587
1391183588
1391183588
1391183591
1391183592
1391183592
1391183592
1391183592
1391183592
1391183598
1391183612
1391183613
1391183613
1391183614
1391183614
1391183614
1391183652
1391183653
1391183653
1391183653
1391183654
1391183654
1391183655
1391183655
1391183655
1391183656
1391183657
1391183658
1391183673
1391183674
1391183674
1391183674
1391183674
1391183674
1391183674
1391183674
1391183674
1391183674
1391183674
1391183674
1391184230
1391184290
1391184294
1391185250
1391185336
1391185337
1391185338
1391185338
1391185338
1391185338
1391186037
1391186178
1391186179
1391186179
1391186179
1391186179
1391186179
1391186226
1391186226
1391186226
1391186465
1391186466
1391186466
1391186599
1391186660
1391186665
1391186700
1391186701
1391186701
1391186701
1391186701
1391186702
1391186760
1391186760
1391186762
1391186762
1391186764
1391186764
1391186765
1391186765
1391186765
1391186766
1391186766
1391186767
1391187026
1391187313
1391187850
1391187912
1391187915
1391188148
1391188210
1391188215
1391188795
1391188796
1391188796
1391188796
1391188797
1391189643
1391190649
1391190936
1391191466
1391191527
1391191531
1391193265
1391194247
1391194293
1391195063
1391195125
1391195126
1391196863
1391252246
1391252247
1391252248
1391252248
1391252263
1391252263
1391252266
1391252266
1391252268
1391252268
1391252268
1391252268
1391252268
1391252268
1391252268
1391252268
1391252268
1391252272
1391252274
1391252274
1391252274
1391252275
1391252275
1391252289
1391252291
1391252293
1391252294
1391252295
1391252296
1391252297
1391252298
1391252309
1391252312
1391252312
1391252314
1391252314
1391252314
1391252314
1391252315
1391252319
1391252321
1391252321
1391252321
1391252338
1391252343
1391252344
1391252344
1391252508
1391252508
1391252508
1391252508
1391252508
1391252517
1391252517
1391252528
1391252533
1391252535
1391252550
1391252553
1391252553
1391252553
1391252554
1391252554
1391252554
1391252555
1391252555
1391252556
1391252556
1391252562
1391252562
1391252564
1391252564
1391252576
1391252582
1391252669
1391252670
1391252671
1391252671
1391252671
1391252671
1391252683
1391252698
1391252699
1391252699
1391252699
1391252699
1391252699
1391252717
1391252717
1391252729
1391252746
1391252795
1391252795
1391252795
1391252796
1391252796
1391252815
1391252824
1391252826
1391252826
1391252826
1391252826
1391252826
1391252837
1391252871
1391252872
1391252872
1391252872
1391252957
1391252958
1391252958
1391252958
1391252985
1391252987
1391252987
1391252987
1391252987
1391252995
1391252996
1391252996
1391252996
1391252996
1391252996
1391253041
1391253042
1391253042
1391253113
1391253113
1391253118
1391253119
1391253119
1391253119
1391253119
1391253119
1391253124
1391253166
1391253166
1391253166
1391253166
1391253283
1391253283
1391253283
1391253405
1391253407
1391254864
1391254865
1391254866
1391254867
1391254881
1391254881
1391254884
1391254884
1391254884
1391254885
1391254885
1391254886
1391254886
1391254886
1391254886
1391254886
1391254886
1391254887
1391254887
1391254887
1391254891
1391254893
1391254893
1391254893
1391254893
1391254893
1391254908
1391254910
1391254913
1391254915
1391254916
1391254916
1391255126
1391255126
1391255127
1391255127
1391255127
1391255136
1391255136
1391255146
1391255289
1391255290
1391255290
1391255290
1391255290
1391255290
1391255302
1391255317
1391255318
1391255319
1391255319
1391255319
1391255319
1391255325
1391255444
1391255445
1391255445
1391255445
1391255445
1391255445
1391255456
1391255614
1391255615
1391255615
1391255615
1391255616
1391255616
1391255641
1391255642
1391255642
1391255642
1391255643
1391255643
1391255738
1391255738
1391255738
1391255738
1391255738
1391255738
1391255796
1391255797
1391255797
1391255798
1391255798
1391255798
1391255800
1391255800
1391255800
1391255804
1391255805
1391255805
1391255805
1391255807
1391255808
1391255810
1391255813
1391255814
1391255930
1391256281
1391256548
1391256549
1391256549
1391256549
1391256549
1391256550
1391256550
1391256551
1391256551
1391256551
1391256551
1391256551
1391256551
1391256552
1391256552
1391256552
1391256556
1391256557
1391256557
1391256557
1391256557
1391256557
1391256569
1391256609
1391256610
1391256610
1391256610
1391256610
1391256610
1391256611
1391256612
1391256612
1391256612
1391256612
1391256612
1391256612
1391256612
1391256613
1391256613
1391256614
1391256614
1391256614
1391256614
1391256614
1391256614
1391256614
1391256614
1391256615
1391256615
1391256615
1391256615
1391256615
1391256616
1391256616
1391256616
1391256617
1391256617
1391256618
1391256619
1391256620
1391256621
1391256621
1391256621
1391256622
1391256622
1391256622
1391256622
1391256681
1391256681
1391256681
1391256681
1391256681
1391256682
1391256683
1391256684
1391256684
1391256684
1391256684
1391256696
1391256741
1391256741
1391256742
1391256742
1391256743
1391256743
1391256744
1391256744
1391256744
1391256744
1391256745
1391256745
1391256745
1391256745
1391256746
1391256746
1391256746
1391256746
1391256747
1391256747
1391256747
1391256747
1391256750
1391256807
1391256808
1391256808
1391256808
1391256808
1391256808
1391256855
1391257094
1391257096
1391257096
1391257096
1391257096
1391257098
1391257158
1391257160
1391258128
1391258128
1391258129
1391258129
1391258130
1391258130
1391258131
1391258131
1391258131
1391258131
1391258131
1391258131
1391258132
1391258132
1391258133
1391258136
1391258137
1391258137
1391258137
1391258137
1391258137
1391258137
1391258138
1391258139
1391258140
1391258142
1391258145
1391258146
1391258147
1391258148
1391258188
1391258190
1391258191
1391258192
1391258192
1391258192
1391258192
1391258192
1391258192
1391258192
1391258192
1391258192
1391258192
1391258193
1391258193
1391258193
1391258193
1391258193
1391258193
1391258193
1391258194
1391258197
1391258197
1391258197
1391258197
1391258197
1391258197
1391258197
1391258197
1391258197
1391258197
1391258197
1391258198
1391258202
1391258202
1391258203
1391258207
1391258207
1391258207
1391258208
1391258208
1391258209
1391258260
1391258262
1391258262
1391258262
1391258262
1391258262
1391258323
1391258324
1391258324
1391258324
1391258324
1391258901
1391259316
1391259426
1391259427
1391259427
1391259427
1391259427
1391259427
1391259876
1391259876
1391259878
1391259878
1391259879
1391259879
1391259879
1391259879
1391259879
1391259879
1391259880
1391259880
1391259880
1391259884
1391259885
1391259885
1391259885
1391259885
1391259885
1391259885
1391259889
1391259891
1391259891
1391259894
1391259894
1391259923
1391259923
1391259924
1391259925
1391259926
1391259926
1391259926
1391259926
1391259927
1391259930
1391259931
1391259931
1391259932
1391259936
1391259938
1391260012
1391260013
1391260013
1391260013
1391260014
1391260060
1391260060
1391260061
1391260165
1391260165
1391260165
1391260165
1391260165
1391260166
1391260167
1391260167
1391260167
1391260168
1391260172
1391260172
1391260172
1391260179
1391260181
1391260182
1391260299
1391260301
1391260714
1391260776
1391260778
1391261701
1391261760
1391261808
1391261809
1391261809
1391261809
1391261809
1391261809
1391261823
1391261823
1391261868
1391261869
1391261870
1391261873
1391261873
1391261873
1391261874
1391261874
1391261874
1391261874
1391261874
1391261875
1391261989
1391262496
1391262496
1391262497
1391262497
1391262497
1391262497
1391262498
1391262499
1391262499
1391262499
1391262499
1391262499
1391262499
1391262499
1391262499
1391262500
1391262503
1391262504
1391262504
1391262504
1391262504
1391262504
1391262504
1391262509
1391262511
1391262511
1391262513
1391262514
1391262631
1391262632
1391262632
1391262633
1391262634
1391263812
1391263944
1391263945
1391263945
1391263945
1391263945
1391264320
1391264342
1391264342
1391264345
1391264345
1391264346
1391264346
1391264346
1391264346
1391264346
1391264346
1391264347
1391264348
1391264348
1391264352
1391264353
1391264353
1391264353
1391264353
1391264353
1391264353
1391264389
1391264389
1391264391
1391264391
1391264393
1391264393
1391264395
1391264398
1391264400
1391264400
1391264400
1391264427
1391264488
1391264489
1391264506
1391264507
1391264507
1391264507
1391264507
1391264508
1391264567
1391264567
1391264567
1391264567
1391264568
1391264568
1391264569
1391264569
1391264569
1391264569
1391264571
1391264573
1391264631
1391264632
1391264632
1391264632
1391264632
1391264632
1391264632
1391264632
1391264634
1391264634
1391264634
1391264634
1391264634
1391264635
1391264640
1391264640
1391264640
1391265285
1391265331
1391265577
1391265580
1391265582
1391265584
1391265585
1391265587
1391265626
1391265632
1391265633
1391265710
1391265711
1391265711
1391265711
1391265711
1391265757
1391265758
1391265864
1391265869
1391265872
1391265997
1391265998
1391265999
1391266117
1391266144
1391266180
1391266181
1391266204
1391266276
1391266277
1391266277
1391266277
1391266277
1391266277
1391266338
1391266338
1391266340
1391266340
1391266340
1391266340
1391266341
1391266961
1391266961
1391266963
1391266964
1391266964
1391266964
1391266964
1391266964
1391266965
1391266965
1391266965
1391266965
1391266965
1391266965
1391266966
1391266967
1391266967
1391266971
1391266972
1391266972
1391266972
1391266972
1391266972
1391266972
1391267904
1391268196
1391268199
1391268201
1391268203
1391268204
1391268206
1391268329
1391268330
1391268330
1391268330
1391268330
1391269188
1391269189
1391269189
1391269189
1391269191
1391269191
1391269191
1391269191
1391269191
1391269191
1391269191
1391269191
1391269191
1391269195
1391269196
1391269196
1391269196
1391269196
1391269196
1391269196
1391269201
1391269203
1391269205
1391269207
1391269207
1391269234
1391269235
1391269236
1391269237
1391269237
1391269237
1391269238
1391269241
1391269242
1391269251
1391269253
1391269307
1391269308
1391269308
1391269308
1391269308
1391269308
1391269353
1391269354
1391269354
1391269476
1391269476
1391269477
1391269477
1391269477
1391269477
1391269477
1391269477
1391269477
1391269478
1391269478
1391269478
1391269478
1391269478
1391269483
1391269483
1391269483
1391269483
1391269483
1391269489
1391269491
1391269494
1391269595
1391269596
1391269596
1391269694
1391269695
1391269696
1391269696
1391269696
1391269697
1391269698
1391269698
1391269698
1391269698
1391269698
1391269698
1391269698
1391269698
1391269699
1391269703
1391269704
1391269705
1391269705
1391269705
1391269705
1391269706
1391269710
1391269711
1391269717
1391269724
1391269730
1391269731
1391269731
1391269755
1391269755
1391269756
1391269756
1391269756
1391269756
1391269757
1391269757
1391269758
1391269758
1391269760
1391269760
1391269760
1391269760
1391269760
1391269760
1391269760
1391269760
1391269760
1391269760
1391269761
1391269761
1391269762
1391269762
1391269762
1391269762
1391269763
1391269763
1391269763
1391269763
1391269764
1391269765
1391269765
1391269765
1391269765
1391269765
1391269766
1391269767
1391269767
1391269767
1391269767
1391269767
1391269770
1391269770
1391269773
1391269773
1391269773
1391269775
1391269781
1391269783
1391269785
1391269787
1391269790
1391269790
1391269791
1391269794
1391269794
1391269795
1391269814
1391269815
1391269815
1391269815
1391269815
1391269815
1391269875
1391269876
1391269876
1391269876
1391269876
1391269876
1391269876
1391269876
1391269876
1391269877
1391269877
1391269878
1391271807
1391271808
1391271808
1391271809
1391271809
1391271809
1391271809
1391271810
1391271810
1391271810
1391271810
1391271810
1391271810
1391271810
1391271810
1391271810
1391271810
1391271814
1391271816
1391271816
1391271816
1391271816
1391271816
1391271816
1391271820
1391271822
1391271824
1391271826
1391271826
1391271926
1391271927
1391271927
1391271927
1391271927
1391271927
1391272497
1391272544
1391272797
1391272865
1391272867
1391272867
1391272867
1391272867
1391272867
1391272912
1391272914
1391272914
1391272914
1391272914
1391273084
1391273155
1391273305
1391273365
1391273370
1391273537
1391273596
1391273600
1391273685
1391273685
1391273685
1391273685
1391273685
1391273692
1391273695
1391273698
1391273744
1391273745
1391273745
1391273745
1391273745
1391273746
1391273746
1391273747
1391273748
1391273748
1391273753
1391273754
1391273755
1391273757
1391273760
1391273763
1391273865
1391273866
1391273866
1391273866
1391273866
1391273866
1391273872
1391273872
1391273925
1391273926
1391273927
1391273928
1391273928
1391273929
1391273929
1391273930
1391273930
1391273930
1391273930
1391273930
1391275117
1391275416
1391275485
1391275487
1391275487
1391275487
1391275487
1391275487
1391276384
1391276571
1391276573
1391276573
1391276574
1391276574
1391276575
1391276575
1391276575
1391276575
1391276575
1391276576
1391276576
1391276576
1391276580
1391276581
1391276581
1391276581
1391276581
1391276581
1391276617
1391276620
1391276620
1391276620
1391276620
1391276621
1391276622
1391276622
1391276622
1391276627
1391276780
1391276782
1391276784
1391276786
1391276787
1391276787
1391276832
1391276833
1391276861
1391276861
1391276861
1391276861
1391276861
1391276861
1391276861
1391276861
1391276862
1391276862
1391276862
1391276862
1391276863
1391276864
1391276867
1391276868
1391276868
1391276869
1391276869
1391276898
1391276898
1391276899
1391276899
1391276919
1391276945
1391276980
1391276981
1391277067
1391277070
1391277072
1391277074
1391277186
1391277186
1391277186
1391277481
1391277484
1391277666
1391277667
1391277667
1391277667
1391277667
1391277673
1391277676
1391277713
1391277713
1391277713
1391277720
1391277722
1391277768
1391277772
1391277798
1391277800
1391277800
1391277800
1391277800
1391277800
1391277845
1391277846
1391277846
1391277846
1391277846
1391277871
1391277918
1391277954
1391277954
1391278087
1391278716
1391278777
1391279191
1391279193
1391279193
1391279193
1391279193
1391279193
1391279194
1391279194
1391279194
1391279194
1391279195
1391279195
1391279195
1391279195
1391279195
1391279195
1391279196
1391279196
1391279200
1391279201
1391279201
1391279201
1391279201
1391279201
1391279399
1391279402
1391279404
1391279405
1391279406
1391279407
1391279518
1391279518
1391279518
1391279518
1391280101
1391280104
1391280286
1391280286
1391280287
1391280287
1391280287
1391280293
1391280295
1391280418
1391280419
1391280420
1391280420
1391280420
1391280420
1391280491
